53.7718 0.847079 101.085
54.7735 0 100.547
53.7718 0.847079 101.085
48.4579 5.55879 104.592
114.907 5.55879 237.489
118.419 2.7697 236.147
118.419 2.7697 236.147
121.907 0 234.814
107.163 11.2141 238.969
110.027 9.14095 238.477
110.027 9.14095 238.477
113.47 6.6485 237.886
113.47 6.6485 237.886
114.295 6.02245 237.658
114.295 6.02245 237.658
114.907 5.55879 237.489
45.5643 8.26735 106.931
48.4579 5.55879 104.592
45.5643 8.26735 106.931
42.6084 11.2141 109.859
99.5618 16.2978 239.017
101.445 15.0689 239.096
101.445 15.0689 239.096
103.713 13.5884 239.192
103.713 13.5884 239.192
105.701 12.2204 239.063
105.701 12.2204 239.063
107.163 11.2141 238.969
39.0323 15.0592 114.242
42.6084 11.2141 109.859
39.0323 15.0592 114.242
37.982 16.2978 115.857
91.9977 20.898 237.69
93.0027 20.3137 237.947
93.0027 20.3137 237.947
94.1513 19.646 238.241
94.1513 19.646 238.241
97.2118 17.7521 238.68
97.2118 17.7521 238.68
99.5618 16.2978 239.017
34.4754 20.898 122.645
34.528 20.8291 122.543
34.528 20.8291 122.543
37.982 16.2978 115.857
84.2903 25.0994 234.879
84.7035 24.889 235.074
84.7035 24.889 235.074
85.1271 24.6734 235.274
85.1271 24.6734 235.274
88.8555 22.6247 236.585
88.8555 22.6247 236.585
91.9977 20.898 237.69
34.4648 20.914 122.671
34.4754 20.898 122.645
34.4648 20.914 122.671
32.1608 25.0994 130.62
76.117 28.9839 230.186
76.5006 28.8173 230.453
76.5006 28.8173 230.453
76.8324 28.6731 230.684
76.8324 28.6731 230.684
80.6085 26.8636 232.808
80.6085 26.8636 232.808
84.2903 25.0994 234.879
31.9148 25.6575 131.802
32.1608 25.0994 130.62
31.9148 25.6575 131.802
31.0158 28.9839 139.983
31.3128 32.3646 150.719
31.4337 32.605 151.682
66.9281 32.605 222.671
68.3459 32.0989 223.988
68.3459 32.0989 223.988
69.3173 31.7521 224.891
69.3173 31.7521 224.891
72.4262 30.4865 227.312
72.4262 30.4865 227.312
76.117 28.9839 230.186
30.9541 29.4422 141.235
31.0158 28.9839 139.983
30.9541 29.4422 141.235
31.1894 31.3593 147.457
31.1894 31.3593 147.457
31.3128 32.3646 150.719
32.7983 34.4971 160.088
31.4337 32.605 151.682
32.7983 34.4971 160.088
35.0037 36.0443 169.14
35.0037 36.0443 169.14
35.0382 36.0686 169.282
35.0382 36.0686 169.282
35.1226 36.0981 169.539
54.7606 36.0981 208.815
55.9829 35.8443 210.499
55.9829 35.8443 210.499
56.3886 35.7601 211.057
56.3886 35.7601 211.057
60.1187 34.7317 215.433
60.1187 34.7317 215.433
62.5314 34.0666 218.263
62.5314 34.0666 218.263
64.2382 33.4992 219.974
64.2382 33.4992 219.974
66.9281 32.605 222.671
38.1164 36.9922 178.209
35.1226 36.0981 169.539
38.1164 36.9922 178.209
39.2164 37.1213 180.797
39.2164 37.1213 180.797
41.8026 37.4246 186.879
41.8026 37.4246 186.879
43.4307 37.4036 190.072
43.4307 37.4036 190.072
46.0791 37.3695 195.267
46.0791 37.3695 195.267
47.6305 37.1959 197.849
47.6305 37.1959 197.849
50.9328 36.8266 203.345
50.9328 36.8266 203.345
51.8146 36.6587 204.605
51.8146 36.6587 204.605
54.7606 36.0981 208.815
105.159 0 201.317
100.519 0 192.039
100.519 0 192.039
96.313 0 183.626
65.1513 0 121.303
63.0267 0 117.053
82.5793 0 156.159
79.7033 0 150.407
79.7033 0 150.407
76.9888 0 144.978
116.123 0 223.246
105.159 0 201.317
116.123 0 223.246
121.907 0 234.814
88.9267 0 168.853
82.5793 0 156.159
88.9267 0 168.853
92.4678 0 175.936
92.4678 0 175.936
96.313 0 183.626
69.6045 0 130.209
65.1513 0 121.303
69.6045 0 130.209
71.9574 0 134.915
71.9574 0 134.915
76.9888 0 144.978
58.9293 0 108.859
54.9753 0 100.951
58.9293 0 108.859
60.9558 0 112.912
60.9558 0 112.912
63.0267 0 117.053
54.8144 0 100.629
54.9753 0 100.951
54.8144 0 100.629
54.7945 0 100.589
54.7945 0 100.589
54.7735 0 100.547
