162.809 11.2141 40
158.513 9.96729 40
158.513 9.96729 40
156.6 9.41177 40
156.6 9.41177 40
151.721 8.62172 40
151.721 8.62172 40
147.779 7.98324 40
147.779 7.98324 40
144.14 7.86514 40
144.14 7.86514 40
139.056 7.70017 40
139.056 7.70017 40
135.073 8.08768 40
135.073 8.08768 40
130.301 8.55198 40
130.301 8.55198 40
122.912 10.2243 40
122.912 10.2243 40
121.381 10.5707 40
121.381 10.5707 40
119.561 11.2141 40
173.797 16.2978 40
169.522 14.1514 40
169.522 14.1514 40
165.654 12.2098 40
165.654 12.2098 40
164.536 11.8184 40
164.536 11.8184 40
162.809 11.2141 40
112.154 14.3726 40
119.561 11.2141 40
112.154 14.3726 40
108.816 16.2978 40
179.618 20.898 40
177.97 19.5259 40
177.97 19.5259 40
175.094 17.131 40
175.094 17.131 40
174.344 16.649 40
174.344 16.649 40
173.797 16.2978 40
102.585 20.898 40
102.807 20.7339 40
102.807 20.7339 40
108.816 16.2978 40
183.159 25.0994 40
181.022 22.5639 40
181.022 22.5639 40
179.618 20.898 40
102.458 21.0318 40
102.585 20.898 40
102.458 21.0318 40
99.3738 25.0994 40
184.942 28.9839 40
183.444 25.7202 40
183.444 25.7202 40
183.159 25.0994 40
97.7692 28.9839 40
98.7948 26.501 40
98.7948 26.501 40
99.3738 25.0994 40
185.111 32.605 40
185.11 32.5995 40
185.11 32.5995 40
185.095 32.1975 40
185.095 32.1975 40
184.944 29.0365 40
184.944 29.0365 40
184.942 28.9839 40
97.6143 32.605 40
97.6966 30.6813 40
97.6966 30.6813 40
97.7692 28.9839 40
185.095 32.6533 40
185.111 32.605 40
185.095 32.6533 40
183.715 36.0981 40
98.873 36.0981 40
98.1505 34.093 40
98.1505 34.093 40
97.6143 32.605 40
180.663 39.5059 40
183.125 36.7569 40
183.125 36.7569 40
183.715 36.0981 40
101.619 39.5059 40
99.6447 37.0557 40
99.6447 37.0557 40
98.873 36.0981 40
176.433 42.5022 40
177.439 41.7893 40
177.439 41.7893 40
180.663 39.5059 40
106.177 42.5022 40
104.977 41.7482 40
104.977 41.7482 40
102.458 40.1658 40
102.458 40.1658 40
101.853 39.6895 40
101.853 39.6895 40
101.619 39.5059 40
175.094 43.1983 40
176.433 42.5022 40
175.094 43.1983 40
169.915 45.2767 40
112.209 45.2767 40
112.184 45.268 40
112.184 45.268 40
112.154 45.2578 40
112.154 45.2578 40
108.507 43.5764 40
108.507 43.5764 40
106.177 42.5022 40
165.654 46.6061 40
169.915 45.2767 40
165.654 46.6061 40
157.867 48.2995 40
124.876 48.2995 40
122.573 47.909 40
122.573 47.909 40
121.381 47.7069 40
121.381 47.7069 40
117.338 46.6358 40
117.338 46.6358 40
112.209 45.2767 40
156.6 48.521 40
157.867 48.2995 40
156.6 48.521 40
155.768 48.6021 40
155.768 48.6021 40
147.779 49.3808 40
147.779 49.3808 40
144.667 49.4416 40
144.667 49.4416 40
139.056 49.5512 40
139.056 49.5512 40
136.12 49.3792 40
136.12 49.3792 40
130.301 49.0385 40
130.301 49.0385 40
128.828 48.8379 40
128.828 48.8379 40
124.876 48.2995 40
112.344 155.713 60
117.412 155.713 60
117.412 155.713 60
117.485 155.713 60
117.485 155.713 60
124.629 155.713 60
124.629 155.713 60
124.777 155.713 60
124.777 155.713 60
131.97 155.713 60
131.97 155.713 60
132.165 155.713 60
132.165 155.713 60
139.378 155.713 60
139.378 155.713 60
139.432 155.713 60
139.432 155.713 60
139.595 155.713 60
139.595 155.713 60
139.812 155.713 60
141.687 155.713 60
142.234 155.713 60
156.051 155.713 60
142.234 155.713 60
156.051 155.713 60
162.546 155.713 60
162.546 155.713 60
169.37 155.713 60
169.37 155.713 60
170.152 155.713 60
139.812 155.713 60
140.031 155.713 60
140.031 155.713 60
140.253 155.713 60
140.253 155.713 60
140.477 155.713 60
141.181 155.713 60
141.687 155.713 60
141.181 155.713 60
140.941 155.713 60
140.941 155.713 60
140.477 155.713 60
199.115 5.55879 60
197.185 4.08073 60
197.185 4.08073 60
194.571 2.07932 60
194.571 2.07932 60
192.857 0.928214 60
192.857 0.928214 60
191.474 0 60
83.2247 5.55879 60
84.7657 4.45041 60
84.7657 4.45041 60
90.9535 0 60
205.499 11.2141 60
205.397 11.1143 60
205.397 11.1143 60
205.204 10.9247 60
205.204 10.9247 60
201.316 7.49858 60
201.316 7.49858 60
199.115 5.55879 60
82.7467 5.9544 60
83.2247 5.55879 60
82.7467 5.9544 60
77.1098 11.2141 60
209.787 16.2978 60
208.529 14.8065 60
208.529 14.8065 60
205.499 11.2141 60
72.5907 16.2978 60
73.3361 15.4592 60
73.3361 15.4592 60
77.1098 11.2141 60
212.819 20.898 60
211.246 18.5106 60
211.246 18.5106 60
209.787 16.2978 60
71.399 18.0138 60
72.5907 16.2978 60
71.399 18.0138 60
69.5872 20.898 60
214.762 25.0994 60
213.416 22.1896 60
213.416 22.1896 60
212.819 20.898 60
67.7357 25.0994 60
69.27 21.6177 60
69.27 21.6177 60
69.5872 20.898 60
215.74 28.9839 60
214.945 25.8295 60
214.945 25.8295 60
214.762 25.0994 60
66.803 28.9839 60
67.4403 26.3295 60
67.4403 26.3295 60
67.7357 25.0994 60
215.835 32.605 60
215.752 29.4395 60
215.752 29.4395 60
215.74 28.9839 60
66.713 32.605 60
66.7696 30.3241 60
66.7696 30.3241 60
66.803 28.9839 60
215.067 36.0981 60
215.737 33.0507 60
215.737 33.0507 60
215.835 32.605 60
67.4446 36.0981 60
66.973 33.8467 60
66.973 33.8467 60
66.713 32.605 60
213.392 39.5059 60
214.718 36.8081 60
214.718 36.8081 60
215.067 36.0981 60
69.041 39.5059 60
67.898 37.0659 60
67.898 37.0659 60
67.4446 36.0981 60
211.071 42.5022 60
212.493 40.6667 60
212.493 40.6667 60
213.392 39.5059 60
71.2534 42.5022 60
69.4041 39.9976 60
69.4041 39.9976 60
69.041 39.5059 60
208.143 45.2767 60
209.121 44.3506 60
209.121 44.3506 60
211.071 42.5022 60
74.3232 45.2767 60
73.7313 44.7444 60
73.7313 44.7444 60
71.399 42.647 60
71.399 42.647 60
71.281 42.5297 60
71.281 42.5297 60
71.2534 42.5022 60
205.204 47.4417 60
208.143 45.2767 60
205.204 47.4417 60
203.905 48.2995 60
78.6471 48.2995 60
76.72 46.9523 60
76.72 46.9523 60
74.3232 45.2767 60
197.993 51.4355 60
202.35 49.1243 60
202.35 49.1243 60
203.905 48.2995 60
84.4198 51.4355 60
83.8063 51.1298 60
83.8063 51.1298 60
82.7467 50.6019 60
82.7467 50.6019 60
80.0698 49.0986 60
80.0698 49.0986 60
78.6471 48.2995 60
194.571 52.9468 60
197.993 51.4355 60
194.571 52.9468 60
189.839 54.7797 60
92.4802 54.7797 60
88.2545 53.0265 60
88.2545 53.0265 60
84.4198 51.4355 60
185.078 56.3692 60
189.839 54.7797 60
185.078 56.3692 60
176.616 58.777 60
106.041 58.777 60
103.372 58.0856 60
103.372 58.0856 60
101.806 57.6798 60
101.806 57.6798 60
98.0954 56.5314 60
98.0954 56.5314 60
92.767 54.8822 60
92.767 54.8822 60
92.6401 54.8368 60
92.6401 54.8368 60
92.4802 54.7797 60
176.43 58.8254 60
176.616 58.777 60
176.43 58.8254 60
176.377 58.8366 60
176.377 58.8366 60
168.405 60.5323 60
168.405 60.5323 60
166.656 60.8193 60
166.656 60.8193 60
160.83 61.7758 60
160.83 61.7758 60
158.061 62.0927 60
158.061 62.0927 60
153.564 62.6073 60
153.564 62.6073 60
150.245 62.8193 60
150.245 62.8193 60
146.486 63.0592 60
146.486 63.0592 60
142.965 63.1043 60
142.965 63.1043 60
139.487 63.1488 60
139.487 63.1488 60
136.044 63.0167 60
136.044 63.0167 60
132.461 62.8793 60
132.461 62.8793 60
129.339 62.6007 60
129.339 62.6007 60
125.303 62.2407 60
125.303 62.2407 60
122.734 61.8824 60
122.734 61.8824 60
117.899 61.2083 60
117.899 61.2083 60
116.128 60.8742 60
116.128 60.8742 60
110.119 59.7408 60
110.119 59.7408 60
109.423 59.5765 60
109.423 59.5765 60
106.041 58.777 60
152.278 155.216 60
147.357 155.085 60
147.357 155.085 60
146.486 155.062 60
146.486 155.062 60
140.714 155.031 60
140.714 155.031 60
139.486 155.024 60
139.486 155.024 60
133.052 155.128 60
133.052 155.128 60
132.461 155.137 60
132.461 155.137 60
130.333 155.216 60
117.899 155.507 60
112.344 155.713 60
117.899 155.507 60
123.003 155.368 60
123.003 155.368 60
125.303 155.305 60
125.303 155.305 60
130.333 155.216 60
152.278 155.216 60
153.359 155.23 60
153.359 155.23 60
153.564 155.233 60
153.564 155.233 60
158.781 155.35 60
158.781 155.35 60
160.83 155.396 60
160.83 155.396 60
163.98 155.497 60
163.98 155.497 60
168.405 155.64 60
168.405 155.64 60
169.077 155.668 60
169.077 155.668 60
170.152 155.713 60
191.474 0 60
186.76 0 60
186.76 0 60
186.636 0 60
186.636 0 60
179.515 0 60
179.515 0 60
179.236 0 60
179.236 0 60
171.961 0 60
171.961 0 60
171.555 0 60
171.555 0 60
164.154 0 60
164.154 0 60
163.65 0 60
163.65 0 60
156.15 0 60
156.15 0 60
155.579 0 60
155.579 0 60
148.011 0 60
148.011 0 60
147.401 0 60
147.401 0 60
139.795 0 60
139.795 0 60
139.332 0 60
139.332 0 60
139.178 0 60
139.178 0 60
138.561 0 60
136.045 0 60
135.392 0 60
135.392 0 60
134.724 0 60
125.149 0 60
123.887 0 60
131.835 0 60
131.039 0 60
131.039 0 60
130.202 0 60
137.317 0 60
136.045 0 60
137.317 0 60
137.941 0 60
137.941 0 60
138.561 0 60
133.331 0 60
131.835 0 60
133.331 0 60
134.038 0 60
134.038 0 60
134.724 0 60
127.382 0 60
125.149 0 60
127.382 0 60
128.382 0 60
128.382 0 60
130.202 0 60
120.975 0 60
117.346 0 60
120.975 0 60
122.504 0 60
122.504 0 60
123.887 0 60
106.092 0 60
109.645 0 60
109.645 0 60
117.346 0 60
91.0683 0 60
90.9535 0 60
91.0683 0 60
101.756 0 60
101.756 0 60
106.092 0 60
80.512 155.713 80
84.9865 155.713 80
84.9865 155.713 80
85.1672 155.713 80
85.1672 155.713 80
90.8194 155.713 80
90.8194 155.713 80
91.1978 155.713 80
91.1978 155.713 80
97.0255 155.713 80
97.0255 155.713 80
97.5794 155.713 80
97.5794 155.713 80
103.559 155.713 80
103.559 155.713 80
104.265 155.713 80
104.265 155.713 80
110.371 155.713 80
110.371 155.713 80
111.204 155.713 80
111.204 155.713 80
117.412 155.713 80
117.412 155.713 80
118.346 155.713 80
118.346 155.713 80
124.629 155.713 80
124.629 155.713 80
125.639 155.713 80
125.639 155.713 80
131.97 155.713 80
131.97 155.713 80
133.027 155.713 80
133.027 155.713 80
139.378 155.713 80
139.378 155.713 80
139.648 155.713 80
139.648 155.713 80
140.456 155.713 80
140.456 155.713 80
141.538 155.713 80
150.868 155.713 80
153.59 155.713 80
186.097 155.713 80
181.11 155.713 80
195.755 155.713 80
186.097 155.713 80
195.755 155.713 80
200.468 155.713 80
200.468 155.713 80
201.923 155.713 80
165.232 155.713 80
153.59 155.713 80
165.232 155.713 80
170.704 155.713 80
170.704 155.713 80
181.11 155.713 80
141.538 155.713 80
142.628 155.713 80
142.628 155.713 80
143.73 155.713 80
143.73 155.713 80
144.849 155.713 80
148.353 155.713 80
150.868 155.713 80
148.353 155.713 80
147.155 155.713 80
147.155 155.713 80
144.849 155.713 80
220.019 5.55879 80
216.753 2.25362 80
216.753 2.25362 80
214.526 0 80
66.8243 1.01576 80
67.866 0 80
66.8243 1.01576 80
62.4842 5.55879 80
224.729 11.2141 80
224.198 10.5553 80
224.198 10.5553 80
222.536 8.49005 80
222.536 8.49005 80
220.641 6.28291 80
220.641 6.28291 80
220.019 5.55879 80
57.7899 11.2141 80
60.2982 8.19236 80
60.2982 8.19236 80
62.4842 5.55879 80
228.122 16.2978 80
227.08 14.7372 80
227.08 14.7372 80
224.729 11.2141 80
54.2897 16.2978 80
54.8869 15.4305 80
54.8869 15.4305 80
57.7899 11.2141 80
230.521 20.898 80
229.433 18.8112 80
229.433 18.8112 80
228.122 16.2978 80
52.2061 20.1718 80
54.2897 16.2978 80
52.2061 20.1718 80
51.8379 20.898 80
232.058 25.0994 80
231.198 22.7493 80
231.198 22.7493 80
230.521 20.898 80
50.3439 25.0994 80
51.8016 21.0002 80
51.8016 21.0002 80
51.8379 20.898 80
232.832 28.9839 80
232.347 26.5512 80
232.347 26.5512 80
232.058 25.0994 80
49.5912 28.9839 80
50.2561 25.5522 80
50.2561 25.5522 80
50.3439 25.0994 80
232.906 32.605 80
232.858 30.2331 80
232.858 30.2331 80
232.832 28.9839 80
49.5186 32.605 80
49.5798 29.5521 80
49.5798 29.5521 80
49.5912 28.9839 80
232.299 36.0981 80
232.69 33.8483 80
232.69 33.8483 80
232.906 32.605 80
50.109 36.0981 80
49.6106 33.1492 80
49.6106 33.1492 80
49.5186 32.605 80
230.974 39.5059 80
231.752 37.5047 80
231.752 37.5047 80
232.299 36.0981 80
51.3972 39.5059 80
50.2609 36.4999 80
50.2609 36.4999 80
50.109 36.0981 80
229.138 42.5022 80
230.022 41.0586 80
230.022 41.0586 80
230.974 39.5059 80
53.2421 42.5022 80
53.1354 42.3334 80
53.1354 42.3334 80
52.2061 40.8635 80
52.2061 40.8635 80
51.4772 39.6402 80
51.4772 39.6402 80
51.3972 39.5059 80
226.821 45.2767 80
227.584 44.3626 80
227.584 44.3626 80
229.138 42.5022 80
55.6316 45.2767 80
55.1928 44.7673 80
55.1928 44.7673 80
53.2421 42.5022 80
223.574 48.2995 80
223.86 48.0337 80
223.86 48.0337 80
226.821 45.2767 80
58.9806 48.2995 80
57.8065 47.2398 80
57.8065 47.2398 80
55.6316 45.2767 80
222.536 49.0757 80
223.574 48.2995 80
222.536 49.0757 80
219.17 51.4355 80
63.3053 51.4355 80
60.8925 49.6859 80
60.8925 49.6859 80
58.9806 48.2995 80
213.441 54.7797 80
216.7 52.877 80
216.7 52.877 80
219.17 51.4355 80
68.9921 54.7797 80
68.3265 54.4053 80
68.3265 54.4053 80
66.8243 53.5603 80
66.8243 53.5603 80
64.367 52.0765 80
64.367 52.0765 80
63.3053 51.4355 80
209.439 56.793 80
213.441 54.7797 80
209.439 56.793 80
205.179 58.777 80
77.2358 58.777 80
73.1608 56.801 80
73.1608 56.801 80
68.9921 54.7797 80
198.639 61.5564 80
205.179 58.777 80
198.639 61.5564 80
193.2 63.6648 80
193.2 63.6648 80
189.455 65.1164 80
189.455 65.1164 80
184.781 66.7404 80
97.5966 66.7404 80
97.2715 66.6343 80
97.2715 66.6343 80
97.1465 66.5935 80
97.1465 66.5935 80
91.4304 64.4907 80
91.4304 64.4907 80
88.5926 63.4467 80
88.5926 63.4467 80
85.1095 62.0303 80
85.1095 62.0303 80
78.668 59.4107 80
78.668 59.4107 80
78.182 59.1957 80
78.182 59.1957 80
77.2358 58.777 80
181.44 67.9865 80
184.781 66.7404 80
181.44 67.9865 80
177.716 69.2042 80
177.716 69.2042 80
174.284 70.3269 80
174.284 70.3269 80
170.559 71.3649 80
111.791 71.3649 80
111.592 71.3145 80
111.592 71.3145 80
111.513 71.2946 80
111.513 71.2946 80
107.028 69.9348 80
107.028 69.9348 80
104.7 69.2289 80
104.7 69.2289 80
102.284 68.3826 80
102.284 68.3826 80
97.5966 66.7404 80
167.765 72.257 80
170.559 71.3649 80
167.765 72.257 80
165.104 72.9527 80
165.104 72.9527 80
161.715 73.8386 80
161.715 73.8386 80
156.487 74.8938 80
126.146 74.8938 80
124.214 74.5627 80
124.214 74.5627 80
123.644 74.465 80
123.644 74.465 80
120.026 73.6262 80
120.026 73.6262 80
117.779 73.1052 80
117.779 73.1052 80
115.841 72.542 80
115.841 72.542 80
111.791 71.3649 80
156.006 75.0063 80
156.487 74.8938 80
156.006 75.0063 80
155.727 75.0516 80
155.727 75.0516 80
150.529 75.8984 80
150.529 75.8984 80
148.461 76.0863 80
148.461 76.0863 80
145.193 76.3833 80
145.193 76.3833 80
142.552 76.4314 80
142.552 76.4314 80
139.917 76.4794 80
139.917 76.4794 80
137.431 76.3437 80
137.431 76.3437 80
134.621 76.1902 80
134.621 76.1902 80
132.788 75.9574 80
132.788 75.9574 80
129.226 75.505 80
129.226 75.505 80
128.433 75.3477 80
128.433 75.3477 80
126.146 74.8938 80
156.981 145.316 80
156.301 145.117 80
156.301 145.117 80
156.006 145.03 80
156.006 145.03 80
152.105 144.234 80
152.105 144.234 80
150.529 143.912 80
150.529 143.912 80
147.687 143.588 80
147.687 143.588 80
145.193 143.304 80
145.193 143.304 80
142.892 143.251 80
142.892 143.251 80
139.917 143.184 80
139.917 143.184 80
137.468 143.351 80
137.468 143.351 80
134.621 143.546 80
134.621 143.546 80
130.971 144.127 80
130.971 144.127 80
129.226 144.405 80
129.226 144.405 80
125.564 145.316 80
166.931 148.059 80
163.763 147.079 80
163.763 147.079 80
161.715 146.446 80
161.715 146.446 80
160.088 146.057 80
160.088 146.057 80
156.981 145.316 80
123.644 145.705 80
125.564 145.316 80
123.644 145.705 80
121.568 146.275 80
121.568 146.275 80
117.779 147.313 80
117.779 147.313 80
115.61 148.059 80
175.374 150.629 80
174.8 150.425 80
174.8 150.425 80
174.284 150.241 80
174.284 150.241 80
171.065 149.266 80
171.065 149.266 80
167.765 148.266 80
167.765 148.266 80
167.441 148.185 80
167.441 148.185 80
166.931 148.059 80
111.513 149.189 80
115.61 148.059 80
111.513 149.189 80
107.145 150.629 80
182.692 152.676 80
182.095 152.49 80
182.095 152.49 80
181.44 152.286 80
181.44 152.286 80
178.384 151.451 80
178.384 151.451 80
175.374 150.629 80
104.7 151.248 80
107.145 150.629 80
104.7 151.248 80
99.8203 152.676 80
189.468 154.204 80
189.462 154.203 80
189.462 154.203 80
189.455 154.201 80
189.455 154.201 80
185.686 153.351 80
185.686 153.351 80
182.692 152.676 80
97.1465 153.242 80
99.8203 152.676 80
97.1465 153.242 80
93.1179 154.204 80
195.716 155.216 80
193.069 154.787 80
193.069 154.787 80
189.468 154.204 80
88.5926 154.9 80
93.1179 154.204 80
88.5926 154.9 80
86.7304 155.216 80
86.7304 155.216 80
83.4805 155.476 80
83.4805 155.476 80
80.512 155.713 80
195.716 155.216 80
196.858 155.303 80
196.858 155.303 80
198.639 155.439 80
198.639 155.439 80
200.672 155.609 80
200.672 155.609 80
201.923 155.713 80
214.526 0 80
212.478 0 80
212.478 0 80
212.364 0 80
212.364 0 80
206.978 0 80
206.978 0 80
206.611 0 80
206.611 0 80
200.971 0 80
200.971 0 80
200.374 0 80
200.374 0 80
194.503 0 80
194.503 0 80
193.699 0 80
193.699 0 80
187.621 0 80
187.621 0 80
186.636 0 80
186.636 0 80
180.377 0 80
180.377 0 80
179.236 0 80
179.236 0 80
172.822 0 80
172.822 0 80
171.555 0 80
171.555 0 80
165.015 0 80
165.015 0 80
163.65 0 80
163.65 0 80
157.012 0 80
157.012 0 80
155.579 0 80
155.579 0 80
148.872 0 80
148.872 0 80
147.401 0 80
147.401 0 80
140.657 0 80
140.657 0 80
139.547 0 80
139.547 0 80
139.178 0 80
139.178 0 80
137.699 0 80
131.674 0 80
130.11 0 80
130.11 0 80
128.51 0 80
105.575 0 80
102.553 0 80
121.591 0 80
119.682 0 80
119.682 0 80
117.678 0 80
134.72 0 80
131.674 0 80
134.72 0 80
136.215 0 80
136.215 0 80
137.699 0 80
125.172 0 80
121.591 0 80
125.172 0 80
126.867 0 80
126.867 0 80
128.51 0 80
110.923 0 80
105.575 0 80
110.923 0 80
113.318 0 80
113.318 0 80
117.678 0 80
95.5769 0 80
86.8845 0 80
95.5769 0 80
99.2394 0 80
99.2394 0 80
102.553 0 80
67.866 0 80
68.4391 0 80
68.4391 0 80
86.8845 0 80
65.5016 155.713 100
66.2034 155.713 100
66.2034 155.713 100
66.2624 155.713 100
66.2624 155.713 100
70.1437 155.713 100
70.1437 155.713 100
70.4736 155.713 100
70.4736 155.713 100
74.6103 155.713 100
74.6103 155.713 100
75.1956 155.713 100
75.1956 155.713 100
79.5701 155.713 100
79.5701 155.713 100
80.3934 155.713 100
80.3934 155.713 100
84.9865 155.713 100
84.9865 155.713 100
86.0284 155.713 100
86.0284 155.713 100
90.8194 155.713 100
90.8194 155.713 100
92.059 155.713 100
92.059 155.713 100
97.0255 155.713 100
97.0255 155.713 100
98.4406 155.713 100
98.4406 155.713 100
103.559 155.713 100
103.559 155.713 100
105.126 155.713 100
105.126 155.713 100
110.371 155.713 100
110.371 155.713 100
112.065 155.713 100
112.065 155.713 100
117.412 155.713 100
117.412 155.713 100
119.208 155.713 100
119.208 155.713 100
124.629 155.713 100
124.629 155.713 100
126.5 155.713 100
126.5 155.713 100
131.97 155.713 100
131.97 155.713 100
133.888 155.713 100
133.888 155.713 100
139.378 155.713 100
139.378 155.713 100
139.863 155.713 100
139.863 155.713 100
141.317 155.713 100
141.317 155.713 100
143.264 155.713 100
160.049 155.713 100
164.947 155.713 100
191.379 155.713 100
187.324 155.713 100
209.025 155.713 100
208.291 155.713 100
208.291 155.713 100
206.854 155.713 100
212.971 155.713 100
213.844 155.713 100
199.233 155.713 100
191.379 155.713 100
199.233 155.713 100
203.065 155.713 100
203.065 155.713 100
206.854 155.713 100
174.413 155.713 100
164.947 155.713 100
174.413 155.713 100
178.863 155.713 100
178.863 155.713 100
187.324 155.713 100
143.264 155.713 100
145.224 155.713 100
145.224 155.713 100
147.207 155.713 100
147.207 155.713 100
149.22 155.713 100
155.524 155.713 100
160.049 155.713 100
155.524 155.713 100
153.369 155.713 100
153.369 155.713 100
149.22 155.713 100
211.322 155.713 100
212.971 155.713 100
211.322 155.713 100
210.537 155.713 100
210.537 155.713 100
209.025 155.713 100
216.952 155.713 100
216.699 155.713 100
216.699 155.713 100
215.714 155.713 100
215.714 155.713 100
214.756 155.713 100
214.756 155.713 100
213.844 155.713 100
232.058 5.55879 100
229.934 3.02971 100
229.934 3.02971 100
227.39 0 100
51.4087 4.2513 100
55.0537 0 100
51.4087 4.2513 100
50.3311 5.55879 100
236.184 11.2141 100
233.586 7.6535 100
233.586 7.6535 100
232.058 5.55879 100
46.2814 11.2141 100
50.0788 5.91113 100
50.0788 5.91113 100
50.3311 5.55879 100
239.26 16.2978 100
236.875 12.357 100
236.875 12.357 100
236.184 11.2141 100
43.2619 16.2978 100
45.4624 12.5931 100
45.4624 12.5931 100
46.2814 11.2141 100
241.435 20.898 100
239.508 16.822 100
239.508 16.822 100
239.26 16.2978 100
41.1274 20.898 100
42.4008 18.1535 100
42.4008 18.1535 100
43.2619 16.2978 100
242.811 25.0994 100
242.785 25.0199 100
242.785 25.0199 100
242.319 23.5633 100
242.319 23.5633 100
241.482 21.039 100
241.482 21.039 100
241.435 20.898 100
39.7598 25.0994 100
40.4649 22.9333 100
40.4649 22.9333 100
41.1274 20.898 100
243.488 28.9839 100
243.457 28.8067 100
243.457 28.8067 100
242.811 25.0994 100
39.0708 28.9839 100
39.3956 27.1531 100
39.3956 27.1531 100
39.7598 25.0994 100
243.554 32.605 100
243.551 32.4273 100
243.551 32.4273 100
243.488 28.9839 100
39.0044 32.605 100
39.0347 30.9548 100
39.0347 30.9548 100
39.0708 28.9839 100
243.022 36.0981 100
243.037 35.9981 100
243.037 35.9981 100
243.554 32.605 100
39.5448 36.0981 100
39.2937 34.4749 100
39.2937 34.4749 100
39.0044 32.605 100
242.319 38.1644 100
243.022 36.0981 100
242.319 38.1644 100
241.846 39.5059 100
40.7239 39.5059 100
40.1379 37.8122 100
40.1379 37.8122 100
39.5448 36.0981 100
240.181 42.5022 100
241.811 39.5682 100
241.811 39.5682 100
241.846 39.5059 100
42.3581 42.5022 100
41.4598 40.8551 100
41.4598 40.8551 100
40.7239 39.5059 100
238.081 45.2767 100
239.976 42.7734 100
239.976 42.7734 100
240.181 42.5022 100
44.4195 45.2767 100
43.1433 43.559 100
43.1433 43.559 100
42.3581 42.5022 100
235.137 48.2995 100
237.47 45.9042 100
237.47 45.9042 100
238.081 45.2767 100
47.3086 48.2995 100
45.2595 46.1556 100
45.2595 46.1556 100
44.4195 45.2767 100
231.336 51.4355 100
233.683 49.4992 100
233.683 49.4992 100
235.137 48.2995 100
51.0395 51.4355 100
47.9416 48.8316 100
47.9416 48.8316 100
47.3086 48.2995 100
226.468 54.7797 100
228.135 53.6351 100
228.135 53.6351 100
231.336 51.4355 100
55.9952 54.7797 100
55.0979 54.176 100
55.0979 54.176 100
51.4087 51.6939 100
51.4087 51.6939 100
51.1121 51.4863 100
51.1121 51.4863 100
51.0395 51.4355 100
221.734 57.5837 100
226.468 54.7797 100
221.734 57.5837 100
219.628 58.777 100
62.8873 58.777 100
59.8925 57.04 100
59.8925 57.04 100
55.9952 54.7797 100
207.084 65.2632 100
219.628 58.777 100
207.084 65.2632 100
204.069 66.7404 100
78.4016 66.7404 100
73.4502 64.245 100
73.4502 64.245 100
68.6161 61.8088 100
68.6161 61.8088 100
65.9506 60.3982 100
65.9506 60.3982 100
62.8873 58.777 100
195.982 70.9933 100
204.069 66.7404 100
195.982 70.9933 100
195.228 71.3649 100
87.2956 71.3649 100
84.633 70.0074 100
84.633 70.0074 100
81.2839 68.2997 100
81.2839 68.2997 100
79.7082 67.4473 100
79.7082 67.4473 100
78.4016 66.7404 100
188.976 74.8938 100
193.525 72.3264 100
193.525 72.3264 100
195.228 71.3649 100
93.5018 74.8938 100
92.5196 74.3595 100
92.5196 74.3595 100
91.1277 73.6024 100
91.1277 73.6024 100
88.8837 72.2922 100
88.8837 72.2922 100
87.2956 71.3649 100
187.163 76.0787 100
188.976 74.8938 100
187.163 76.0787 100
184.181 77.8826 100
98.2478 77.8826 100
95.7043 76.2808 100
95.7043 76.2808 100
93.5018 74.8938 100
179.89 80.9581 100
184.181 77.8826 100
179.89 80.9581 100
179.479 81.2271 100
103.048 81.2271 100
101.471 80.1455 100
101.471 80.1455 100
99.1031 78.5209 100
99.1031 78.5209 100
98.5841 78.1336 100
98.5841 78.1336 100
98.2478 77.8826 100
175.306 84.5869 100
178.674 81.8749 100
178.674 81.8749 100
179.479 81.2271 100
107.156 84.5869 100
106.597 84.1596 100
106.597 84.1596 100
105.786 83.5398 100
105.786 83.5398 100
104.132 82.1428 100
104.132 82.1428 100
103.048 81.2271 100
173.706 86.2404 100
175.306 84.5869 100
173.706 86.2404 100
171.64 88.1537 100
110.793 88.1537 100
108.917 86.3135 100
108.917 86.3135 100
107.156 84.5869 100
168.504 92.1504 100
168.79 91.7849 100
168.79 91.7849 100
171.64 88.1537 100
114.036 92.1504 100
113.088 91.0157 100
113.088 91.0157 100
111.546 89.1698 100
111.546 89.1698 100
111.065 88.5208 100
111.065 88.5208 100
110.793 88.1537 100
168.308 92.5226 100
168.504 92.1504 100
168.308 92.5226 100
165.876 96.5826 100
116.515 96.5826 100
114.919 93.7286 100
114.919 93.7286 100
114.036 92.1504 100
164.265 101.256 100
164.67 100.081 100
164.67 100.081 100
165.876 96.5826 100
118.234 101.256 100
117.809 100.113 100
117.809 100.113 100
116.632 96.9488 100
116.632 96.9488 100
116.543 96.671 100
116.543 96.671 100
116.515 96.5826 100
163.669 106.413 100
163.696 106.183 100
163.696 106.183 100
164.265 101.256 100
118.878 106.413 100
118.609 104.258 100
118.609 104.258 100
118.234 101.256 100
164.211 111.804 100
164.135 111.045 100
164.135 111.045 100
163.669 106.413 100
118.293 111.804 100
118.529 109.629 100
118.529 109.629 100
118.878 106.413 100
165.904 117.303 100
165.256 115.198 100
165.256 115.198 100
164.211 111.804 100
116.632 116.804 100
118.293 111.804 100
116.632 116.804 100
116.489 117.303 100
168.657 122.765 100
168.541 122.507 100
168.541 122.507 100
168.308 121.989 100
168.308 121.989 100
166.757 118.966 100
166.757 118.966 100
165.904 117.303 100
113.873 122.765 100
116.329 117.638 100
116.329 117.638 100
116.489 117.303 100
168.743 122.923 100
168.736 122.91 100
168.736 122.91 100
168.657 122.765 100
113.781 122.923 100
113.821 122.854 100
113.821 122.854 100
113.873 122.765 100
172.109 128.182 100
170.598 125.82 100
170.598 125.82 100
168.743 122.923 100
111.546 126.203 100
113.781 122.923 100
111.546 126.203 100
110.35 128.182 100
175.985 133.128 100
175.081 131.922 100
175.081 131.922 100
173.706 130.089 100
173.706 130.089 100
172.767 128.968 100
172.767 128.968 100
172.109 128.182 100
106.44 133.128 100
107.762 131.456 100
107.762 131.456 100
110.35 128.182 100
180.246 137.67 100
180.11 137.512 100
180.11 137.512 100
179.89 137.257 100
179.89 137.257 100
177.512 134.743 100
177.512 134.743 100
175.985 133.128 100
105.786 133.785 100
106.44 133.128 100
105.786 133.785 100
102.284 137.67 100
184.6 141.742 100
182.743 140.006 100
182.743 140.006 100
180.246 137.67 100
99.1031 140.517 100
102.284 137.67 100
99.1031 140.517 100
97.8454 141.742 100
189.153 145.316 100
188.434 144.727 100
188.434 144.727 100
187.163 143.686 100
187.163 143.686 100
185.54 142.455 100
185.54 142.455 100
184.6 141.742 100
93.3184 145.316 100
96.0924 143.126 100
96.0924 143.126 100
97.8454 141.742 100
193.262 148.059 100
191.216 146.693 100
191.216 146.693 100
189.153 145.316 100
91.1277 146.725 100
93.3184 145.316 100
91.1277 146.725 100
89.1966 148.059 100
197.927 150.629 100
197.302 150.272 100
197.302 150.272 100
195.982 149.517 100
195.982 149.517 100
194.142 148.531 100
194.142 148.531 100
193.262 148.059 100
84.5603 150.629 100
87.3518 149.082 100
87.3518 149.082 100
89.1966 148.059 100
202.587 152.676 100
200.491 151.755 100
200.491 151.755 100
197.927 150.629 100
81.2839 152.024 100
84.5603 150.629 100
81.2839 152.024 100
79.8416 152.676 100
207.377 154.204 100
207.296 154.177 100
207.296 154.177 100
207.084 154.105 100
207.084 154.105 100
203.827 153.07 100
203.827 153.07 100
202.587 152.676 100
75.1695 154.204 100
78.8995 152.984 100
78.8995 152.984 100
79.8416 152.676 100
212.061 155.216 100
210.715 154.925 100
210.715 154.925 100
207.377 154.204 100
70.3634 155.216 100
71.3215 155.015 100
71.3215 155.015 100
75.1695 154.204 100
68.6162 155.389 100
65.5016 155.713 100
68.6162 155.389 100
70.3634 155.216 100
212.061 155.216 100
214.297 155.443 100
214.297 155.443 100
216.952 155.713 100
227.39 0 100
226.415 0 100
226.415 0 100
226.314 0 100
226.314 0 100
222.661 0 100
222.661 0 100
222.252 0 100
222.252 0 100
218.292 0 100
218.292 0 100
217.591 0 100
217.591 0 100
213.339 0 100
213.339 0 100
212.364 0 100
212.364 0 100
207.839 0 100
207.839 0 100
206.611 0 100
206.611 0 100
201.833 0 100
201.833 0 100
200.374 0 100
200.374 0 100
195.365 0 100
195.365 0 100
193.699 0 100
193.699 0 100
188.483 0 100
188.483 0 100
186.636 0 100
186.636 0 100
181.238 0 100
181.238 0 100
179.236 0 100
179.236 0 100
173.684 0 100
173.684 0 100
171.555 0 100
171.555 0 100
165.876 0 100
165.876 0 100
163.65 0 100
163.65 0 100
157.873 0 100
157.873 0 100
155.579 0 100
155.579 0 100
149.733 0 100
149.733 0 100
147.401 0 100
147.401 0 100
141.518 0 100
141.518 0 100
139.763 0 100
139.763 0 100
139.178 0 100
139.178 0 100
136.838 0 100
127.303 0 100
124.828 0 100
124.828 0 100
122.296 0 100
86.0004 0 100
81.2179 0 100
111.346 0 100
108.326 0 100
108.326 0 100
105.154 0 100
132.124 0 100
127.303 0 100
132.124 0 100
134.49 0 100
134.49 0 100
136.838 0 100
117.014 0 100
111.346 0 100
117.014 0 100
119.696 0 100
119.696 0 100
122.296 0 100
94.4646 0 100
86.0004 0 100
94.4646 0 100
98.2545 0 100
98.2545 0 100
105.154 0 100
70.1789 0 100
56.4231 0 100
70.1789 0 100
75.9749 0 100
75.9749 0 100
81.2179 0 100
55.2081 0 100
56.4231 0 100
55.2081 0 100
55.129 0 100
55.129 0 100
55.0537 0 100
57.6372 155.713 120
57.8116 155.713 120
57.8116 155.713 120
57.846 155.713 120
57.846 155.713 120
60.0145 155.713 120
60.0145 155.713 120
60.3541 155.713 120
60.3541 155.713 120
62.8187 155.713 120
62.8187 155.713 120
63.4544 155.713 120
63.4544 155.713 120
66.2034 155.713 120
66.2034 155.713 120
67.1236 155.713 120
67.1236 155.713 120
70.1437 155.713 120
70.1437 155.713 120
71.3349 155.713 120
71.3349 155.713 120
74.6103 155.713 120
74.6103 155.713 120
76.0568 155.713 120
76.0568 155.713 120
79.5701 155.713 120
79.5701 155.713 120
81.2546 155.713 120
81.2546 155.713 120
84.9865 155.713 120
84.9865 155.713 120
86.8896 155.713 120
86.8896 155.713 120
90.8194 155.713 120
90.8194 155.713 120
92.9203 155.713 120
92.9203 155.713 120
97.0255 155.713 120
97.0255 155.713 120
99.3018 155.713 120
99.3018 155.713 120
103.559 155.713 120
103.559 155.713 120
105.987 155.713 120
105.987 155.713 120
110.371 155.713 120
110.371 155.713 120
112.927 155.713 120
112.927 155.713 120
117.412 155.713 120
117.412 155.713 120
120.069 155.713 120
120.069 155.713 120
124.629 155.713 120
124.629 155.713 120
127.361 155.713 120
127.361 155.713 120
131.97 155.713 120
131.97 155.713 120
134.749 155.713 120
134.749 155.713 120
139.378 155.713 120
139.378 155.713 120
140.078 155.713 120
140.078 155.713 120
142.179 155.713 120
142.179 155.713 120
144.989 155.713 120
169.23 155.713 120
176.303 155.713 120
196.661 155.713 120
193.538 155.713 120
213.396 155.713 120
211.769 155.713 120
211.769 155.713 120
208.58 155.713 120
222.152 155.713 120
224.088 155.713 120
202.71 155.713 120
196.661 155.713 120
202.71 155.713 120
205.662 155.713 120
205.662 155.713 120
208.58 155.713 120
183.594 155.713 120
176.303 155.713 120
183.594 155.713 120
187.021 155.713 120
187.021 155.713 120
193.538 155.713 120
144.989 155.713 120
147.821 155.713 120
147.821 155.713 120
150.684 155.713 120
150.684 155.713 120
153.591 155.713 120
162.695 155.713 120
169.23 155.713 120
162.695 155.713 120
159.583 155.713 120
159.583 155.713 120
153.591 155.713 120
218.493 155.713 120
222.152 155.713 120
218.493 155.713 120
216.751 155.713 120
216.751 155.713 120
213.396 155.713 120
224.786 155.713 120
224.088 155.713 120
238.784 5.55879 120
238.744 5.50783 120
238.744 5.50783 120
238.391 5.05233 120
238.391 5.05233 120
234.796 0.497215 120
234.796 0.497215 120
234.404 0 120
43.7767 5.55879 120
46.2324 2.41486 120
46.2324 2.41486 120
48.1187 0 120
242.59 11.2141 120
242.227 10.6746 120
242.227 10.6746 120
238.784 5.55879 120
39.9384 11.2141 120
41.6672 8.66692 120
41.6672 8.66692 120
43.7767 5.55879 120
245.427 16.2978 120
244.979 15.4948 120
244.979 15.4948 120
242.59 11.2141 120
37.0766 16.2978 120
38.1238 14.4375 120
38.1238 14.4375 120
39.9384 11.2141 120
247.434 20.898 120
247.029 19.9704 120
247.029 19.9704 120
245.427 16.2978 120
35.0535 20.898 120
35.6818 19.4693 120
35.6818 19.4693 120
37.0766 16.2978 120
248.719 25.0994 120
248.423 24.1333 120
248.423 24.1333 120
247.434 20.898 120
33.7574 25.0994 120
34.1152 23.9394 120
34.1152 23.9394 120
35.0535 20.898 120
249.366 28.9839 120
249.208 28.032 120
249.208 28.032 120
248.719 25.0994 120
33.1044 28.9839 120
33.2726 27.9833 120
33.2726 27.9833 120
33.7574 25.0994 120
249.429 32.605 120
249.413 31.706 120
249.413 31.706 120
249.366 28.9839 120
33.0414 32.605 120
33.0573 31.6917 120
33.0573 31.6917 120
33.1044 28.9839 120
248.921 36.0981 120
249.043 35.2605 120
249.043 35.2605 120
249.429 32.605 120
33.5536 36.0981 120
33.4211 35.1946 120
33.4211 35.1946 120
33.0414 32.605 120
247.813 39.5059 120
248.055 38.7612 120
248.055 38.7612 120
248.921 36.0981 120
34.6711 39.5059 120
34.3617 38.5623 120
34.3617 38.5623 120
33.5536 36.0981 120
246.277 42.5022 120
246.564 41.9429 120
246.564 41.9429 120
247.813 39.5059 120
36.22 42.5022 120
35.7475 41.5882 120
35.7475 41.5882 120
34.6711 39.5059 120
244.34 45.2767 120
244.619 44.8765 120
244.619 44.8765 120
246.277 42.5022 120
38.1737 45.2767 120
37.5055 44.3277 120
37.5055 44.3277 120
36.22 42.5022 120
241.624 48.2995 120
241.846 48.0533 120
241.846 48.0533 120
244.34 45.2767 120
40.912 48.2995 120
39.8376 47.1135 120
39.8376 47.1135 120
38.1737 45.2767 120
238.392 51.1908 120
241.624 48.2995 120
238.392 51.1908 120
238.113 51.4355 120
44.4481 51.4355 120
42.8197 49.9914 120
42.8197 49.9914 120
40.912 48.2995 120
233.537 54.7797 120
238.075 51.4632 120
238.075 51.4632 120
238.113 51.4355 120
48.9764 54.7797 120
46.485 52.9397 120
46.485 52.9397 120
44.4481 51.4355 120
227.193 58.777 120
232.487 55.4412 120
232.487 55.4412 120
233.537 54.7797 120
55.2554 58.777 120
51.0381 56.0922 120
51.0381 56.0922 120
48.9764 54.7797 120
213.341 66.7404 120
217.75 64.2058 120
217.75 64.2058 120
227.193 58.777 120
69.151 66.7404 120
66.4912 65.23 120
66.4912 65.23 120
60.8333 62.0172 120
60.8333 62.0172 120
57.2147 59.9151 120
57.2147 59.9151 120
55.2554 58.777 120
209.579 69.0624 120
213.341 66.7404 120
209.579 69.0624 120
205.747 71.3649 120
76.7375 71.3649 120
73.0707 69.1297 120
73.0707 69.1297 120
69.151 66.7404 120
200.618 74.8938 120
204.253 72.3925 120
204.253 72.3925 120
205.747 71.3649 120
81.7928 74.8938 120
77.9996 72.2459 120
77.9996 72.2459 120
76.7375 71.3649 120
196.866 77.8826 120
198.13 76.8757 120
198.13 76.8757 120
200.618 74.8938 120
85.5999 77.8826 120
84.9122 77.3436 120
84.9122 77.3436 120
82.0132 75.0719 120
82.0132 75.0719 120
81.836 74.9287 120
81.836 74.9287 120
81.7928 74.8938 120
193.324 81.2271 120
193.336 81.2159 120
193.336 81.2159 120
196.866 77.8826 120
89.2013 81.2271 120
87.8227 79.9469 120
87.8227 79.9469 120
85.5999 77.8826 120
193.29 81.2663 120
193.324 81.2271 120
193.29 81.2663 120
190.332 84.5869 120
92.1392 84.5869 120
90.4161 82.6164 120
90.4161 82.6164 120
89.2013 81.2271 120
187.856 88.1537 120
189.535 85.7345 120
189.535 85.7345 120
190.332 84.5869 120
94.5691 88.1537 120
92.6698 85.3658 120
92.6698 85.3658 120
92.1392 84.5869 120
185.84 92.1504 120
186.67 90.5051 120
186.67 90.5051 120
187.856 88.1537 120
96.6117 92.1504 120
96.3451 91.6329 120
96.3451 91.6329 120
94.9768 88.9769 120
94.9768 88.9769 120
94.6354 88.2876 120
94.6354 88.2876 120
94.5691 88.1537 120
184.343 96.5826 120
184.659 95.6461 120
184.659 95.6461 120
185.84 92.1504 120
98.14 96.5826 120
97.7274 95.386 120
97.7274 95.386 120
96.6117 92.1504 120
183.435 101.256 120
183.518 100.829 120
183.518 100.829 120
184.343 96.5826 120
99.0675 101.256 120
98.7173 99.4914 120
98.7173 99.4914 120
98.14 96.5826 120
183.099 106.413 120
183.115 106.167 120
183.115 106.167 120
183.435 101.256 120
99.4108 106.413 120
99.2597 104.144 120
99.2597 104.144 120
99.0675 101.256 120
183.404 111.804 120
183.381 111.384 120
183.381 111.384 120
183.099 106.413 120
99.0984 111.804 120
99.236 109.431 120
99.236 109.431 120
99.4108 106.413 120
184.359 117.303 120
184.197 116.372 120
184.197 116.372 120
183.404 111.804 120
98.1242 117.303 120
98.4743 115.327 120
98.4743 115.327 120
99.0984 111.804 120
185.938 122.765 120
185.456 121.098 120
185.456 121.098 120
184.359 117.303 120
96.511 122.765 120
96.8093 121.755 120
96.8093 121.755 120
98.1242 117.303 120
185.994 122.923 120
185.974 122.867 120
185.974 122.867 120
185.938 122.765 120
96.4543 122.923 120
96.4626 122.9 120
96.4626 122.9 120
96.511 122.765 120
188.158 128.182 120
187.13 125.684 120
187.13 125.684 120
185.994 122.923 120
94.9768 126.439 120
96.4543 122.923 120
94.9768 126.439 120
94.273 128.182 120
190.82 133.128 120
189.072 129.88 120
189.072 129.88 120
188.158 128.182 120
91.6606 133.128 120
94.0569 128.591 120
94.0569 128.591 120
94.273 128.182 120
193.879 137.67 120
193.764 137.494 120
193.764 137.494 120
193.29 136.771 120
193.29 136.771 120
191.295 133.829 120
191.295 133.829 120
190.82 133.128 120
88.6366 137.67 120
90.5046 134.864 120
90.5046 134.864 120
91.6606 133.128 120
197.184 141.742 120
196.391 140.765 120
196.391 140.765 120
193.879 137.67 120
85.2765 141.742 120
86.2644 140.545 120
86.2644 140.545 120
88.6366 137.67 120
200.763 145.316 120
199.209 143.764 120
199.209 143.764 120
197.184 141.742 120
82.0132 144.948 120
85.2765 141.742 120
82.0132 144.948 120
81.6499 145.316 120
204.133 148.059 120
202.077 146.385 120
202.077 146.385 120
200.763 145.316 120
78.3277 148.059 120
81.5612 145.389 120
81.5612 145.389 120
81.6499 145.316 120
208.068 150.629 120
205.017 148.636 120
205.017 148.636 120
204.133 148.059 120
74.4496 150.629 120
77.3059 148.736 120
77.3059 148.736 120
78.3277 148.059 120
212.079 152.676 120
211.67 152.465 120
211.67 152.465 120
209.579 151.387 120
209.579 151.387 120
208.309 150.75 120
208.309 150.75 120
208.068 150.629 120
70.4291 152.676 120
72.3981 151.673 120
72.3981 151.673 120
74.4496 150.629 120
216.174 154.204 120
215.116 153.809 120
215.116 153.809 120
212.079 152.676 120
66.2824 154.204 120
67.3708 153.803 120
67.3708 153.803 120
70.4291 152.676 120
220.387 155.216 120
218.688 154.808 120
218.688 154.808 120
216.174 154.204 120
62.0171 155.216 120
62.2468 155.162 120
62.2468 155.162 120
66.2824 154.204 120
60.8335 155.348 120
57.6372 155.713 120
60.8335 155.348 120
62.0171 155.216 120
220.387 155.216 120
222.411 155.445 120
222.411 155.445 120
224.786 155.713 120
234.404 0 120
232.828 0 120
232.828 0 120
232.521 0 120
232.521 0 120
230.385 0 120
230.385 0 120
229.745 0 120
229.745 0 120
227.276 0 120
227.276 0 120
226.314 0 120
226.314 0 120
223.522 0 120
223.522 0 120
222.252 0 120
222.252 0 120
219.153 0 120
219.153 0 120
217.591 0 120
217.591 0 120
214.2 0 120
214.2 0 120
212.364 0 120
212.364 0 120
208.7 0 120
208.7 0 120
206.611 0 120
206.611 0 120
202.694 0 120
202.694 0 120
200.374 0 120
200.374 0 120
196.226 0 120
196.226 0 120
193.699 0 120
193.699 0 120
189.344 0 120
189.344 0 120
186.636 0 120
186.636 0 120
182.099 0 120
182.099 0 120
179.236 0 120
179.236 0 120
174.545 0 120
174.545 0 120
171.555 0 120
171.555 0 120
166.737 0 120
166.737 0 120
163.65 0 120
163.65 0 120
158.734 0 120
158.734 0 120
155.579 0 120
155.579 0 120
150.595 0 120
150.595 0 120
147.401 0 120
147.401 0 120
142.379 0 120
142.379 0 120
139.978 0 120
139.978 0 120
139.178 0 120
139.178 0 120
135.977 0 120
122.931 0 120
119.546 0 120
119.546 0 120
116.082 0 120
66.4262 0 120
59.8834 0 120
101.101 0 120
96.969 0 120
96.969 0 120
92.6299 0 120
129.527 0 120
122.931 0 120
129.527 0 120
132.764 0 120
132.764 0 120
135.977 0 120
108.855 0 120
101.101 0 120
108.855 0 120
112.524 0 120
112.524 0 120
116.082 0 120
78.0059 0 120
66.4262 0 120
78.0059 0 120
83.1909 0 120
83.1909 0 120
92.6299 0 120
48.1187 0 120
52.7104 0 120
52.7104 0 120
59.8834 0 120
55.0043 155.713 140
55.2705 155.713 140
55.2705 155.713 140
55.5368 155.713 140
55.5368 155.713 140
56.2264 155.713 140
56.2264 155.713 140
56.8097 155.713 140
56.8097 155.713 140
57.8116 155.713 140
57.8116 155.713 140
58.7072 155.713 140
58.7072 155.713 140
60.0145 155.713 140
60.0145 155.713 140
61.2154 155.713 140
61.2154 155.713 140
62.8187 155.713 140
62.8187 155.713 140
64.3156 155.713 140
64.3156 155.713 140
66.2034 155.713 140
66.2034 155.713 140
67.9849 155.713 140
67.9849 155.713 140
70.1437 155.713 140
70.1437 155.713 140
72.1961 155.713 140
72.1961 155.713 140
74.6103 155.713 140
74.6103 155.713 140
76.9181 155.713 140
76.9181 155.713 140
79.5701 155.713 140
79.5701 155.713 140
82.1158 155.713 140
82.1158 155.713 140
84.9865 155.713 140
84.9865 155.713 140
87.7509 155.713 140
87.7509 155.713 140
90.8194 155.713 140
90.8194 155.713 140
93.7815 155.713 140
93.7815 155.713 140
97.0255 155.713 140
97.0255 155.713 140
100.163 155.713 140
100.163 155.713 140
103.559 155.713 140
103.559 155.713 140
106.848 155.713 140
106.848 155.713 140
110.371 155.713 140
110.371 155.713 140
113.788 155.713 140
113.788 155.713 140
117.412 155.713 140
117.412 155.713 140
120.93 155.713 140
120.93 155.713 140
124.629 155.713 140
124.629 155.713 140
128.222 155.713 140
128.222 155.713 140
131.97 155.713 140
131.97 155.713 140
135.61 155.713 140
135.61 155.713 140
139.378 155.713 140
139.378 155.713 140
140.293 155.713 140
140.293 155.713 140
143.04 155.713 140
143.04 155.713 140
146.715 155.713 140
178.411 155.713 140
187.66 155.713 140
201.943 155.713 140
199.752 155.713 140
217.767 155.713 140
215.246 155.713 140
215.246 155.713 140
210.306 155.713 140
206.187 155.713 140
201.943 155.713 140
206.187 155.713 140
208.258 155.713 140
208.258 155.713 140
210.306 155.713 140
192.775 155.713 140
187.66 155.713 140
192.775 155.713 140
195.18 155.713 140
195.18 155.713 140
199.752 155.713 140
146.715 155.713 140
150.417 155.713 140
150.417 155.713 140
154.162 155.713 140
154.162 155.713 140
157.962 155.713 140
169.867 155.713 140
178.411 155.713 140
169.867 155.713 140
165.797 155.713 140
165.797 155.713 140
157.962 155.713 140
227.439 155.713 140
227.225 155.713 140
227.225 155.713 140
225.665 155.713 140
225.665 155.713 140
222.965 155.713 140
222.965 155.713 140
217.767 155.713 140
240.979 5.55879 140
239.435 3.53535 140
239.435 3.53535 140
236.737 0 140
41.4509 5.55879 140
42.0888 4.72356 140
42.0888 4.72356 140
45.6967 0 140
244.729 11.2141 140
243.349 9.13219 140
243.349 9.13219 140
240.979 5.55879 140
37.6977 11.2141 140
38.2376 10.4005 140
38.2376 10.4005 140
41.4509 5.55879 140
247.525 16.2978 140
246.491 14.4169 140
246.491 14.4169 140
244.729 11.2141 140
34.8992 16.2978 140
35.2872 15.5929 140
35.2872 15.5929 140
37.6977 11.2141 140
249.501 20.898 140
248.768 19.1915 140
248.768 19.1915 140
247.525 16.2978 140
32.921 20.898 140
33.1881 20.277 140
33.1881 20.277 140
34.8992 16.2978 140
250.768 25.0994 140
250.297 23.5396 140
250.297 23.5396 140
249.501 20.898 140
31.6536 25.0994 140
31.8215 24.5425 140
31.8215 24.5425 140
32.921 20.898 140
251.405 28.9839 140
251.169 27.543 140
251.169 27.543 140
250.768 25.0994 140
31.015 28.9839 140
31.0987 28.475 140
31.0987 28.475 140
31.6536 25.0994 140
251.467 32.605 140
251.444 31.265 140
251.444 31.265 140
251.405 28.9839 140
30.9534 32.605 140
30.9615 32.1334 140
30.9615 32.1334 140
31.015 28.9839 140
250.967 36.0981 140
251.151 34.8108 140
251.151 34.8108 140
251.467 32.605 140
31.4543 36.0981 140
31.3891 35.6434 140
31.3891 35.6434 140
30.9534 32.605 140
249.875 39.5059 140
250.275 38.258 140
250.275 38.258 140
250.967 36.0981 140
32.5471 39.5059 140
32.4042 39.0602 140
32.4042 39.0602 140
31.4543 36.0981 140
248.362 42.5022 140
248.912 41.4127 140
248.912 41.4127 140
249.875 39.5059 140
34.0616 42.5022 140
33.8616 42.1065 140
33.8616 42.1065 140
32.5471 39.5059 140
246.453 45.2767 140
247.141 44.2766 140
247.141 44.2766 140
248.362 42.5022 140
35.9721 45.2767 140
35.7162 44.9051 140
35.7162 44.9051 140
34.0616 42.5022 140
243.778 48.2995 140
244.729 47.2248 140
244.729 47.2248 140
246.453 45.2767 140
38.6496 48.2995 140
38.2845 47.8873 140
38.2845 47.8873 140
35.9721 45.2767 140
240.323 51.4355 140
241.53 50.3403 140
241.53 50.3403 140
243.778 48.2995 140
42.1074 51.4355 140
41.6235 50.9966 140
41.6235 50.9966 140
38.6496 48.2995 140
235.899 54.7797 140
237.406 53.6407 140
237.406 53.6407 140
240.323 51.4355 140
46.5354 54.7797 140
45.8942 54.2954 140
45.8942 54.2954 140
42.1074 51.4355 140
229.765 58.777 140
231.77 57.4709 140
231.77 57.4709 140
235.899 54.7797 140
52.6752 58.777 140
51.7445 58.171 140
51.7445 58.171 140
46.5354 54.7797 140
216.373 66.7404 140
220.175 64.4796 140
220.175 64.4796 140
229.765 58.777 140
66.0801 66.7404 140
63.9073 65.4496 140
63.9073 65.4496 140
52.6752 58.777 140
209.128 71.3649 140
211.115 70.0969 140
211.115 70.0969 140
216.373 66.7404 140
73.3317 71.3649 140
71.9468 70.4818 140
71.9468 70.4818 140
66.0801 66.7404 140
204.3 74.8938 140
205.568 73.967 140
205.568 73.967 140
209.128 71.3649 140
78.1638 74.8938 140
77.1425 74.1479 140
77.1425 74.1479 140
73.3317 71.3649 140
200.769 77.8826 140
201.658 77.1303 140
201.658 77.1303 140
204.3 74.8938 140
81.6985 77.8826 140
80.8943 77.2025 140
80.8943 77.2025 140
78.1638 74.8938 140
197.434 81.2271 140
198.227 80.4317 140
198.227 80.4317 140
200.769 77.8826 140
85.0362 81.2271 140
84.2317 80.421 140
84.2317 80.421 140
81.6985 77.8826 140
194.714 84.5869 140
195.329 83.827 140
195.329 83.827 140
197.434 81.2271 140
87.759 84.5869 140
87.0638 83.729 140
87.0638 83.729 140
85.0362 81.2271 140
192.464 88.1537 140
192.949 87.3854 140
192.949 87.3854 140
194.714 84.5869 140
90.011 88.1537 140
89.4068 87.1967 140
89.4068 87.1967 140
87.759 84.5869 140
190.631 92.1504 140
191.009 91.3273 140
191.009 91.3273 140
192.464 88.1537 140
91.8454 92.1504 140
91.3316 91.0309 140
91.3316 91.0309 140
90.011 88.1537 140
189.271 96.5826 140
189.542 95.7018 140
189.542 95.7018 140
190.631 92.1504 140
93.2068 96.5826 140
92.8113 95.2951 140
92.8113 95.2951 140
91.8454 92.1504 140
188.446 101.256 140
188.606 100.346 140
188.606 100.346 140
189.271 96.5826 140
94.0331 101.256 140
93.7862 99.8597 140
93.7862 99.8597 140
93.2068 96.5826 140
188.14 106.413 140
188.199 105.414 140
188.199 105.414 140
188.446 101.256 140
94.3389 106.413 140
94.2459 104.845 140
94.2459 104.845 140
94.0331 101.256 140
188.418 111.804 140
188.364 110.744 140
188.364 110.744 140
188.14 106.413 140
94.0607 111.804 140
94.1458 110.155 140
94.1458 110.155 140
94.3389 106.413 140
189.285 117.303 140
189.109 116.184 140
189.109 116.184 140
188.418 111.804 140
93.1927 117.303 140
93.4567 115.631 140
93.4567 115.631 140
94.0607 111.804 140
190.721 122.765 140
190.415 121.599 140
190.415 121.599 140
189.285 117.303 140
91.7556 122.765 140
92.1848 121.134 140
92.1848 121.134 140
93.1927 117.303 140
190.772 122.923 140
190.761 122.89 140
190.761 122.89 140
190.721 122.765 140
91.7052 122.923 140
91.7198 122.877 140
91.7198 122.877 140
91.7556 122.765 140
192.738 128.182 140
192.294 126.994 140
192.294 126.994 140
190.772 122.923 140
89.7366 128.182 140
90.3069 126.658 140
90.3069 126.658 140
91.7052 122.923 140
195.157 133.128 140
194.578 131.944 140
194.578 131.944 140
192.738 128.182 140
87.3155 133.128 140
87.99 131.75 140
87.99 131.75 140
89.7366 128.182 140
197.957 137.67 140
197.247 136.519 140
197.247 136.519 140
195.157 133.128 140
84.5129 137.67 140
85.2587 136.461 140
85.2587 136.461 140
87.3155 133.128 140
201.068 141.742 140
200.237 140.654 140
200.237 140.654 140
197.957 137.67 140
81.3988 141.742 140
82.1866 140.712 140
82.1866 140.712 140
84.5129 137.67 140
204.437 145.316 140
203.492 144.313 140
203.492 144.313 140
201.068 141.742 140
78.0272 145.316 140
78.8358 144.459 140
78.8358 144.459 140
81.3988 141.742 140
207.609 148.059 140
206.686 147.261 140
206.686 147.261 140
204.437 145.316 140
74.8516 148.059 140
75.5726 147.436 140
75.5726 147.436 140
78.0272 145.316 140
211.313 150.629 140
210.189 149.849 140
210.189 149.849 140
207.609 148.059 140
71.1448 150.629 140
71.9462 150.073 140
71.9462 150.073 140
74.8516 148.059 140
215.152 152.676 140
213.946 152.033 140
213.946 152.033 140
211.313 150.629 140
67.3017 152.676 140
68.0886 152.257 140
68.0886 152.257 140
71.1448 150.629 140
219.112 154.204 140
217.829 153.709 140
217.829 153.709 140
215.152 152.676 140
63.3382 154.204 140
64.1076 153.907 140
64.1076 153.907 140
67.3017 152.676 140
223.186 155.216 140
221.828 154.879 140
221.828 154.879 140
219.112 154.204 140
59.2611 155.216 140
60.0124 155.03 140
60.0124 155.03 140
63.3382 154.204 140
59.2611 155.216 140
55.7497 155.626 140
55.7497 155.626 140
55.0043 155.713 140
223.186 155.216 140
225.983 155.543 140
225.983 155.543 140
227.439 155.713 140
236.737 0 140
236.507 0 140
236.507 0 140
236.03 0 140
236.03 0 140
235.447 0 140
235.447 0 140
234.621 0 140
234.621 0 140
233.689 0 140
233.689 0 140
232.521 0 140
232.521 0 140
231.247 0 140
231.247 0 140
229.745 0 140
229.745 0 140
228.137 0 140
228.137 0 140
226.314 0 140
226.314 0 140
224.384 0 140
224.384 0 140
222.252 0 140
222.252 0 140
220.014 0 140
220.014 0 140
217.591 0 140
217.591 0 140
215.061 0 140
215.061 0 140
212.364 0 140
212.364 0 140
209.561 0 140
209.561 0 140
206.611 0 140
206.611 0 140
203.555 0 140
203.555 0 140
200.374 0 140
200.374 0 140
197.087 0 140
197.087 0 140
193.699 0 140
193.699 0 140
190.205 0 140
190.205 0 140
186.636 0 140
186.636 0 140
182.96 0 140
182.96 0 140
179.236 0 140
179.236 0 140
175.406 0 140
175.406 0 140
171.555 0 140
171.555 0 140
167.599 0 140
167.599 0 140
163.65 0 140
163.65 0 140
159.595 0 140
159.595 0 140
155.579 0 140
155.579 0 140
151.456 0 140
151.456 0 140
147.401 0 140
147.401 0 140
143.24 0 140
143.24 0 140
140.193 0 140
140.193 0 140
139.178 0 140
139.178 0 140
135.116 0 140
118.56 0 140
114.263 0 140
114.263 0 140
109.868 0 140
45.6967 0 140
46.852 0 140
90.8563 0 140
85.6125 0 140
85.6125 0 140
80.1059 0 140
126.931 0 140
118.56 0 140
126.931 0 140
131.038 0 140
131.038 0 140
135.116 0 140
100.697 0 140
90.8563 0 140
100.697 0 140
105.353 0 140
105.353 0 140
109.868 0 140
61.5473 0 140
46.852 0 140
61.5473 0 140
68.1274 0 140
68.1274 0 140
80.1059 0 140
57.6709 155.713 160
57.0974 155.713 160
57.6709 155.713 160
57.8116 155.713 160
57.8116 155.713 160
59.5685 155.713 160
59.5685 155.713 160
60.0145 155.713 160
60.0145 155.713 160
62.0766 155.713 160
62.0766 155.713 160
62.8187 155.713 160
62.8187 155.713 160
65.1768 155.713 160
65.1768 155.713 160
66.2034 155.713 160
66.2034 155.713 160
68.8461 155.713 160
68.8461 155.713 160
70.1437 155.713 160
70.1437 155.713 160
73.0574 155.713 160
73.0574 155.713 160
74.6103 155.713 160
74.6103 155.713 160
77.7793 155.713 160
77.7793 155.713 160
79.5701 155.713 160
79.5701 155.713 160
82.9771 155.713 160
82.9771 155.713 160
84.9865 155.713 160
84.9865 155.713 160
88.6121 155.713 160
88.6121 155.713 160
90.8194 155.713 160
90.8194 155.713 160
94.6428 155.713 160
94.6428 155.713 160
97.0255 155.713 160
97.0255 155.713 160
101.024 155.713 160
101.024 155.713 160
103.559 155.713 160
103.559 155.713 160
107.71 155.713 160
107.71 155.713 160
110.371 155.713 160
110.371 155.713 160
114.649 155.713 160
114.649 155.713 160
117.412 155.713 160
117.412 155.713 160
121.791 155.713 160
121.791 155.713 160
124.629 155.713 160
124.629 155.713 160
129.083 155.713 160
129.083 155.713 160
131.97 155.713 160
131.97 155.713 160
136.472 155.713 160
136.472 155.713 160
139.378 155.713 160
139.378 155.713 160
140.508 155.713 160
140.508 155.713 160
143.901 155.713 160
143.901 155.713 160
148.441 155.713 160
187.592 155.713 160
199.016 155.713 160
207.225 155.713 160
205.966 155.713 160
222.139 155.713 160
218.723 155.713 160
218.723 155.713 160
212.032 155.713 160
209.665 155.713 160
207.225 155.713 160
209.665 155.713 160
210.855 155.713 160
210.855 155.713 160
212.032 155.713 160
201.956 155.713 160
199.016 155.713 160
201.956 155.713 160
203.338 155.713 160
203.338 155.713 160
205.966 155.713 160
148.441 155.713 160
153.014 155.713 160
153.014 155.713 160
157.639 155.713 160
157.639 155.713 160
162.334 155.713 160
177.038 155.713 160
187.592 155.713 160
177.038 155.713 160
172.011 155.713 160
172.011 155.713 160
162.334 155.713 160
225.127 155.713 160
222.139 155.713 160
225.127 155.713 160
225.438 155.713 160
239.213 5.55879 160
235.845 1.21042 160
235.845 1.21042 160
234.908 0 160
43.2369 5.55879 160
46.4405 1.45748 160
46.4405 1.45748 160
47.579 0 160
39.3987 11.2141 160
42.554 6.56507 160
42.554 6.56507 160
43.2369 5.55879 160
243.019 11.2141 160
240.43 7.36732 160
240.43 7.36732 160
239.213 5.55879 160
36.5369 16.2978 160
39.0886 11.765 160
39.0886 11.765 160
39.3987 11.2141 160
245.857 16.2978 160
244.149 13.2385 160
244.149 13.2385 160
243.019 11.2141 160
34.5138 20.898 160
36.4209 16.5615 160
36.4209 16.5615 160
36.5369 16.2978 160
247.863 20.898 160
246.761 18.3716 160
246.761 18.3716 160
245.857 16.2978 160
33.2189 25.0994 160
33.2209 25.093 160
33.2209 25.093 160
33.3036 24.8207 160
33.3036 24.8207 160
34.4859 20.9883 160
34.4859 20.9883 160
34.5138 20.898 160
249.148 25.0994 160
248.486 22.9343 160
248.486 22.9343 160
247.863 20.898 160
32.5756 28.9839 160
32.584 28.9331 160
32.584 28.9331 160
33.2189 25.0994 160
249.796 28.9839 160
249.475 27.0577 160
249.475 27.0577 160
249.148 25.0994 160
32.5136 32.605 160
32.5144 32.5534 160
32.5144 32.5534 160
32.5756 28.9839 160
249.858 32.605 160
249.828 30.8372 160
249.828 30.8372 160
249.796 28.9839 160
33.0181 36.0981 160
33.0155 36.0799 160
33.0155 36.0799 160
32.5136 32.605 160
249.35 36.0981 160
249.6 34.3829 160
249.6 34.3829 160
249.858 32.605 160
33.3034 36.981 160
33.0181 36.0981 160
33.3034 36.981 160
34.1314 39.5059 160
248.242 39.5059 160
248.801 37.7878 160
248.801 37.7878 160
249.35 36.0981 160
35.6803 42.5022 160
34.1559 39.5534 160
34.1559 39.5534 160
34.1314 39.5059 160
246.706 42.5022 160
247.515 40.9234 160
247.515 40.9234 160
248.242 39.5059 160
37.634 45.2767 160
35.7715 42.6318 160
35.7715 42.6318 160
35.6803 42.5022 160
244.769 45.2767 160
245.849 43.7296 160
245.849 43.7296 160
246.706 42.5022 160
40.3722 48.2995 160
37.8772 45.5451 160
37.8772 45.5451 160
37.634 45.2767 160
242.054 48.2995 160
243.679 46.49 160
243.679 46.49 160
244.769 45.2767 160
43.9083 51.4355 160
40.9128 48.7789 160
40.9128 48.7789 160
40.3722 48.2995 160
238.547 51.4355 160
240.846 49.3796 160
240.846 49.3796 160
242.054 48.2995 160
48.4367 54.7797 160
45.0245 52.2598 160
45.0245 52.2598 160
43.9083 51.4355 160
234.057 54.7797 160
237.341 52.3338 160
237.341 52.3338 160
238.547 51.4355 160
54.7156 58.777 160
50.9247 56.3636 160
50.9247 56.3636 160
48.4367 54.7797 160
227.831 58.777 160
233.022 55.444 160
233.022 55.444 160
234.057 54.7797 160
68.4242 66.7404 160
66.9283 65.8714 160
66.9283 65.8714 160
54.7156 58.777 160
213.993 66.7404 160
217.657 64.6341 160
217.657 64.6341 160
227.093 59.2093 160
227.093 59.2093 160
227.602 58.9109 160
227.602 58.9109 160
227.831 58.777 160
70.1836 67.8375 160
68.4242 66.7404 160
70.1836 67.8375 160
75.9703 71.3649 160
206.5 71.3649 160
210.585 68.8437 160
210.585 68.8437 160
213.993 66.7404 160
81.0255 74.8938 160
77.7765 72.6258 160
77.7765 72.6258 160
75.9703 71.3649 160
201.503 74.8938 160
201.53 74.8757 160
201.53 74.8757 160
201.63 74.8064 160
201.63 74.8064 160
205.456 72.103 160
205.456 72.103 160
206.5 71.3649 160
84.7236 77.8826 160
83.4759 76.8742 160
83.4759 76.8742 160
81.0255 74.8938 160
197.752 77.8826 160
198.412 77.3566 160
198.412 77.3566 160
201.503 74.8938 160
88.2154 81.2271 160
88.0107 81.0311 160
88.0107 81.0311 160
84.7236 77.8826 160
194.209 81.2271 160
195.473 80.0342 160
195.473 80.0342 160
197.752 77.8826 160
88.9004 82.0351 160
88.2154 81.2271 160
88.9004 82.0351 160
91.1318 84.5869 160
191.32 84.5869 160
192.872 82.7814 160
192.872 82.7814 160
194.209 81.2271 160
93.5617 88.1537 160
91.6419 85.3357 160
91.6419 85.3357 160
91.1318 84.5869 160
188.929 88.1537 160
190.625 85.6227 160
190.625 85.6227 160
191.32 84.5869 160
95.541 92.1504 160
94.431 89.909 160
94.431 89.909 160
93.5617 88.1537 160
186.973 92.1504 160
187.012 92.0736 160
187.012 92.0736 160
187.236 91.6289 160
187.236 91.6289 160
188.68 88.6663 160
188.68 88.6663 160
188.929 88.1537 160
97.01 96.5826 160
96.4462 94.8815 160
96.4462 94.8815 160
95.541 92.1504 160
185.477 96.5826 160
185.683 95.9709 160
185.683 95.9709 160
186.973 92.1504 160
97.9015 101.256 160
97.6588 99.9833 160
97.6588 99.9833 160
97.01 96.5826 160
184.568 101.256 160
184.773 100.204 160
184.773 100.204 160
185.477 96.5826 160
98.2315 106.413 160
98.1569 105.248 160
98.1569 105.248 160
97.9015 101.256 160
184.232 106.413 160
184.323 105.016 160
184.323 105.016 160
184.568 101.256 160
97.9313 111.804 160
98.0043 110.494 160
98.0043 110.494 160
98.2315 106.413 160
184.538 111.804 160
184.458 110.403 160
184.458 110.403 160
184.232 106.413 160
96.9948 117.303 160
97.2899 115.57 160
97.2899 115.57 160
97.9313 111.804 160
185.492 117.303 160
185.322 116.324 160
185.322 116.324 160
184.538 111.804 160
95.4441 122.765 160
96.1088 120.424 160
96.1088 120.424 160
96.9948 117.303 160
187.072 122.765 160
187.044 122.669 160
187.044 122.669 160
185.492 117.303 160
95.3897 122.923 160
95.4161 122.846 160
95.4161 122.846 160
95.4441 122.765 160
187.128 122.923 160
187.127 122.922 160
187.127 122.922 160
187.072 122.765 160
93.2656 128.182 160
94.4861 125.16 160
94.4861 125.16 160
95.3897 122.923 160
187.236 123.188 160
187.128 122.923 160
187.236 123.188 160
189.221 128.182 160
90.6532 133.128 160
92.5685 129.502 160
92.5685 129.502 160
93.2656 128.182 160
191.79 133.128 160
189.745 129.192 160
189.745 129.192 160
189.221 128.182 160
87.6679 137.67 160
87.8846 137.334 160
87.8846 137.334 160
88.9003 135.761 160
88.9003 135.761 160
90.35 133.584 160
90.35 133.584 160
90.6532 133.128 160
194.765 137.67 160
193.152 135.207 160
193.152 135.207 160
191.79 133.128 160
84.41 141.742 160
85.2356 140.71 160
85.2356 140.71 160
87.6679 137.67 160
198.07 141.742 160
197.175 140.639 160
197.175 140.639 160
194.765 137.67 160
80.8826 145.316 160
82.3885 143.79 160
82.3885 143.79 160
84.41 141.742 160
201.631 145.298 160
198.07 141.742 160
201.631 145.298 160
201.648 145.316 160
77.5604 148.059 160
79.4989 146.458 160
79.4989 146.458 160
80.8826 145.316 160
204.929 148.059 160
201.651 145.319 160
201.651 145.319 160
201.648 145.316 160
73.6823 150.629 160
76.5198 148.749 160
76.5198 148.749 160
77.5604 148.059 160
208.76 150.629 160
205.696 148.573 160
205.696 148.573 160
204.929 148.059 160
69.6735 152.676 160
69.7463 152.638 160
69.7463 152.638 160
70.1834 152.41 160
70.1834 152.41 160
73.1961 150.877 160
73.1961 150.877 160
73.6823 150.629 160
212.731 152.676 160
210.381 151.464 160
210.381 151.464 160
208.76 150.629 160
65.6202 154.204 160
66.2589 153.963 160
66.2589 153.963 160
69.6735 152.676 160
216.827 154.204 160
215.19 153.593 160
215.19 153.593 160
212.731 152.676 160
61.4508 155.216 160
62.648 154.926 160
62.648 154.926 160
65.6202 154.204 160
221.04 155.216 160
220.101 154.991 160
220.101 154.991 160
216.827 154.204 160
61.4508 155.216 160
58.8795 155.51 160
58.8795 155.51 160
57.0974 155.713 160
221.04 155.216 160
225.184 155.684 160
225.184 155.684 160
225.438 155.713 160
234.621 0 160
234.908 0 160
234.621 0 160
234.551 0 160
234.551 0 160
232.521 0 160
232.521 0 160
232.108 0 160
232.108 0 160
229.745 0 160
229.745 0 160
228.998 0 160
228.998 0 160
226.314 0 160
226.314 0 160
225.245 0 160
225.245 0 160
222.252 0 160
222.252 0 160
220.876 0 160
220.876 0 160
217.591 0 160
217.591 0 160
215.923 0 160
215.923 0 160
212.364 0 160
212.364 0 160
210.423 0 160
210.423 0 160
206.611 0 160
206.611 0 160
204.416 0 160
204.416 0 160
200.374 0 160
200.374 0 160
197.948 0 160
197.948 0 160
193.699 0 160
193.699 0 160
191.066 0 160
191.066 0 160
186.636 0 160
186.636 0 160
183.822 0 160
183.822 0 160
179.236 0 160
179.236 0 160
176.267 0 160
176.267 0 160
171.555 0 160
171.555 0 160
168.46 0 160
168.46 0 160
163.65 0 160
163.65 0 160
160.457 0 160
160.457 0 160
155.579 0 160
155.579 0 160
152.317 0 160
152.317 0 160
147.401 0 160
147.401 0 160
144.101 0 160
144.101 0 160
140.408 0 160
140.408 0 160
139.178 0 160
139.178 0 160
134.254 0 160
114.189 0 160
108.981 0 160
108.981 0 160
103.654 0 160
80.6115 0 160
74.256 0 160
74.256 0 160
67.5819 0 160
124.334 0 160
114.189 0 160
124.334 0 160
129.313 0 160
129.313 0 160
134.254 0 160
92.5382 0 160
80.6115 0 160
92.5382 0 160
98.1818 0 160
98.1818 0 160
103.654 0 160
47.579 0 160
53.0638 0 160
53.0638 0 160
67.5819 0 160
66.0381 155.713 180
64.2367 155.713 180
66.0381 155.713 180
66.2034 155.713 180
66.2034 155.713 180
69.7074 155.713 180
69.7074 155.713 180
70.1437 155.713 180
70.1437 155.713 180
73.9186 155.713 180
73.9186 155.713 180
74.6103 155.713 180
74.6103 155.713 180
78.6406 155.713 180
78.6406 155.713 180
79.5701 155.713 180
79.5701 155.713 180
83.8383 155.713 180
83.8383 155.713 180
84.9865 155.713 180
84.9865 155.713 180
89.4734 155.713 180
89.4734 155.713 180
90.8194 155.713 180
90.8194 155.713 180
95.504 155.713 180
95.504 155.713 180
97.0255 155.713 180
97.0255 155.713 180
101.886 155.713 180
101.886 155.713 180
103.559 155.713 180
103.559 155.713 180
108.571 155.713 180
108.571 155.713 180
110.371 155.713 180
110.371 155.713 180
115.51 155.713 180
115.51 155.713 180
117.412 155.713 180
117.412 155.713 180
122.653 155.713 180
122.653 155.713 180
124.629 155.713 180
124.629 155.713 180
129.945 155.713 180
129.945 155.713 180
131.97 155.713 180
131.97 155.713 180
137.333 155.713 180
137.333 155.713 180
139.378 155.713 180
139.378 155.713 180
140.723 155.713 180
140.723 155.713 180
144.762 155.713 180
144.762 155.713 180
150.166 155.713 180
196.773 155.713 180
210.373 155.713 180
212.508 155.713 180
212.18 155.713 180
217.964 155.713 180
213.757 155.713 180
217.964 155.713 180
218.292 155.713 180
213.142 155.713 180
212.508 155.713 180
213.142 155.713 180
213.451 155.713 180
213.451 155.713 180
213.757 155.713 180
211.137 155.713 180
210.373 155.713 180
211.137 155.713 180
211.497 155.713 180
211.497 155.713 180
212.18 155.713 180
150.166 155.713 180
155.611 155.713 180
155.611 155.713 180
161.116 155.713 180
161.116 155.713 180
166.705 155.713 180
184.209 155.713 180
196.773 155.713 180
184.209 155.713 180
178.225 155.713 180
178.225 155.713 180
166.705 155.713 180
233.192 5.55879 180
232.352 4.55901 180
232.352 4.55901 180
228.524 0 180
49.3238 5.55879 180
50.7323 3.84972 180
50.7323 3.84972 180
53.905 0 180
45.2741 11.2141 180
47.1679 8.56946 180
47.1679 8.56946 180
49.3238 5.55879 180
236.265 9.77158 180
233.192 5.55879 180
236.265 9.77158 180
237.281 11.2141 180
42.2545 16.2978 180
44.0557 13.2654 180
44.0557 13.2654 180
45.2741 11.2141 180
240.251 16.2978 180
237.423 11.4573 180
237.423 11.4573 180
237.281 11.2141 180
40.12 20.898 180
41.599 17.7106 180
41.599 17.7106 180
42.2545 16.2978 180
242.351 20.898 180
240.622 17.1105 180
240.622 17.1105 180
240.251 16.2978 180
38.7525 25.0994 180
39.7933 21.9017 180
39.7933 21.9017 180
40.12 20.898 180
243.696 25.0994 180
242.698 21.9811 180
242.698 21.9811 180
242.351 20.898 180
38.0635 28.9839 180
38.6177 25.8594 180
38.6177 25.8594 180
38.7525 25.0994 180
244.374 28.9839 180
243.902 26.2814 180
243.902 26.2814 180
243.696 25.0994 180
37.997 32.605 180
38.0518 29.6191 180
38.0518 29.6191 180
38.0635 28.9839 180
244.439 32.605 180
244.395 30.1562 180
244.395 30.1562 180
244.374 28.9839 180
38.5374 36.0981 180
38.093 33.2257 180
38.093 33.2257 180
37.997 32.605 180
243.908 36.0981 180
244.269 33.7235 180
244.269 33.7235 180
244.439 32.605 180
39.7166 39.5059 180
38.7782 36.794 180
38.7782 36.794 180
38.5374 36.0981 180
242.748 39.5059 180
243.565 37.1033 180
243.565 37.1033 180
243.908 36.0981 180
41.3507 42.5022 180
40.1362 40.2754 180
40.1362 40.2754 180
39.7166 39.5059 180
241.14 42.5022 180
242.347 40.2526 180
242.347 40.2526 180
242.748 39.5059 180
43.4121 45.2767 180
42.0358 43.4242 180
42.0358 43.4242 180
41.3507 42.5022 180
239.113 45.2767 180
240.76 43.0225 180
240.76 43.0225 180
241.14 42.5022 180
46.3012 48.2995 180
44.6906 46.6144 180
44.6906 46.6144 180
43.4121 45.2767 180
236.271 48.2995 180
238.804 45.6052 180
238.804 45.6052 180
239.113 45.2767 180
50.0322 51.4355 180
48.585 50.2191 180
48.585 50.2191 180
46.3012 48.2995 180
232.47 51.4355 180
233.001 50.9973 180
233.001 50.9973 180
236.265 48.3043 180
236.265 48.3043 180
236.27 48.3002 180
236.27 48.3002 180
236.271 48.2995 180
54.81 54.7797 180
54.2064 54.3572 180
54.2064 54.3572 180
50.0322 51.4355 180
227.602 54.7797 180
229.139 53.7239 180
229.139 53.7239 180
232.47 51.4355 180
56.7883 55.9733 180
54.81 54.7797 180
56.7883 55.9733 180
61.6223 58.777 180
220.853 58.777 180
224.526 56.6011 180
224.526 56.6011 180
227.602 54.7797 180
72.9651 64.7799 180
61.6223 58.777 180
72.9651 64.7799 180
76.8552 66.7404 180
205.629 66.7404 180
211.041 63.942 180
211.041 63.942 180
216.913 60.906 180
216.913 60.906 180
218.845 59.8619 180
218.845 59.8619 180
220.853 58.777 180
84.8743 71.0788 180
76.8552 66.7404 180
84.8743 71.0788 180
85.4356 71.3649 180
196.974 71.3649 180
199.559 70.0054 180
199.559 70.0054 180
203.14 68.122 180
203.14 68.122 180
204.557 67.3356 180
204.557 67.3356 180
205.629 66.7404 180
91.4793 74.8938 180
86.396 71.9257 180
86.396 71.9257 180
85.4356 71.3649 180
191.008 74.8938 180
191.672 74.519 180
191.672 74.519 180
192.704 73.9369 180
192.704 73.9369 180
195.292 72.3778 180
195.292 72.3778 180
196.974 71.3649 180
94.1284 76.6846 180
91.4793 74.8938 180
94.1284 76.6846 180
96.0307 77.8826 180
186.435 77.8826 180
188.544 76.5042 180
188.544 76.5042 180
191.008 74.8938 180
100.512 81.2271 180
98.7555 79.9161 180
98.7555 79.9161 180
96.0307 77.8826 180
181.932 81.2271 180
182.87 80.5544 180
182.87 80.5544 180
184.412 79.449 180
184.412 79.449 180
185.679 78.4679 180
185.679 78.4679 180
186.435 77.8826 180
101.626 82.2511 180
100.512 81.2271 180
101.626 82.2511 180
104.391 84.5869 180
178.125 84.5869 180
180.292 82.6744 180
180.292 82.6744 180
181.932 81.2271 180
107.681 88.1537 180
107.411 87.8612 180
107.411 87.8612 180
104.391 84.5869 180
174.727 88.1537 180
175.734 87.1128 180
175.734 87.1128 180
177.575 85.2104 180
177.575 85.2104 180
177.937 84.8005 180
177.937 84.8005 180
178.125 84.5869 180
107.909 88.4936 180
107.681 88.1537 180
107.909 88.4936 180
110.619 92.1504 180
171.916 92.1504 180
173.713 89.5956 180
173.713 89.5956 180
174.727 88.1537 180
112.818 96.5826 180
112.451 95.844 180
112.451 95.844 180
110.619 92.1504 180
169.606 96.5826 180
170.254 95.3481 180
170.254 95.3481 180
171.761 92.479 180
171.761 92.479 180
171.872 92.2438 180
171.872 92.2438 180
171.916 92.1504 180
113.324 98.3561 180
112.818 96.5826 180
113.324 98.3561 180
114.258 101.256 180
168.193 101.256 180
168.948 98.7573 180
168.948 98.7573 180
169.606 96.5826 180
114.814 106.413 180
114.375 102.346 180
114.375 102.346 180
114.258 101.256 180
167.67 106.413 180
168.046 102.707 180
168.046 102.707 180
168.193 101.256 180
114.308 111.804 180
114.677 107.871 180
114.677 107.871 180
114.814 106.413 180
168.146 111.804 180
167.777 107.623 180
167.777 107.623 180
167.67 106.413 180
112.795 117.303 180
112.911 116.849 180
112.911 116.849 180
113.324 115.227 180
113.324 115.227 180
114.075 112.615 180
114.075 112.615 180
114.308 111.804 180
169.63 117.303 180
168.771 114.121 180
168.771 114.121 180
168.146 111.804 180
110.474 122.765 180
111.366 120.666 180
111.366 120.666 180
112.795 117.303 180
171.761 122.04 180
169.63 117.303 180
171.761 122.04 180
172.053 122.765 180
110.393 122.923 180
110.438 122.836 180
110.438 122.836 180
110.474 122.765 180
172.131 122.923 180
172.057 122.773 180
172.057 122.773 180
172.053 122.765 180
107.28 128.182 180
107.493 127.793 180
107.493 127.793 180
107.909 127.032 180
107.909 127.032 180
109.518 124.371 180
109.518 124.371 180
110.393 122.923 180
175.147 128.182 180
172.555 123.664 180
172.555 123.664 180
172.131 122.923 180
103.744 133.128 180
105.314 130.932 180
105.314 130.932 180
107.28 128.182 180
177.575 131.418 180
175.147 128.182 180
177.575 131.418 180
178.745 133.128 180
99.8094 137.67 180
100.467 136.876 180
100.467 136.876 180
101.626 135.477 180
101.626 135.477 180
102.961 133.997 180
102.961 133.997 180
103.744 133.128 180
182.663 137.67 180
180.399 135.046 180
180.399 135.046 180
178.745 133.128 180
95.6282 141.742 180
97.8756 139.553 180
97.8756 139.553 180
99.8094 137.67 180
184.412 139.306 180
182.663 137.67 180
184.412 139.306 180
186.823 141.742 180
91.3086 145.316 180
92.2739 144.498 180
92.2739 144.498 180
94.1284 142.926 180
94.1284 142.926 180
95.1094 142.152 180
95.1094 142.152 180
95.6282 141.742 180
191.185 145.316 180
189.606 144.022 180
189.606 144.022 180
186.823 141.742 180
87.3367 148.059 180
89.4896 146.572 180
89.4896 146.572 180
91.3086 145.316 180
192.704 146.33 180
191.185 145.316 180
192.704 146.33 180
195.131 148.059 180
82.8254 150.629 180
83.4451 150.265 180
83.4451 150.265 180
84.8743 149.424 180
84.8743 149.424 180
86.5893 148.473 180
86.5893 148.473 180
87.3367 148.059 180
199.626 150.629 180
197.105 149.188 180
197.105 149.188 180
195.131 148.059 180
78.2953 152.676 180
80.2599 151.788 180
80.2599 151.788 180
82.8254 150.629 180
203.14 152.172 180
199.626 150.629 180
203.14 152.172 180
204.226 152.676 180
73.6231 154.204 180
76.9302 153.122 180
76.9302 153.122 180
78.2953 152.676 180
208.78 154.204 180
204.838 152.881 180
204.838 152.881 180
204.226 152.676 180
69.0151 155.216 180
70.0112 154.996 180
70.0112 154.996 180
72.9651 154.343 180
72.9651 154.343 180
73.4574 154.239 180
73.4574 154.239 180
73.6231 154.204 180
213.464 155.216 180
211.85 154.868 180
211.85 154.868 180
208.78 154.204 180
69.0151 155.216 180
66.425 155.486 180
66.425 155.486 180
64.2367 155.713 180
216.913 155.567 180
218.292 155.713 180
216.913 155.567 180
213.464 155.216 180
226.314 0 180
228.524 0 180
226.314 0 180
226.106 0 180
226.106 0 180
222.252 0 180
222.252 0 180
221.737 0 180
221.737 0 180
217.591 0 180
217.591 0 180
216.784 0 180
216.784 0 180
212.364 0 180
212.364 0 180
211.284 0 180
211.284 0 180
206.611 0 180
206.611 0 180
205.278 0 180
205.278 0 180
200.374 0 180
200.374 0 180
198.81 0 180
198.81 0 180
193.699 0 180
193.699 0 180
191.928 0 180
191.928 0 180
186.636 0 180
186.636 0 180
184.683 0 180
184.683 0 180
179.236 0 180
179.236 0 180
177.129 0 180
177.129 0 180
171.555 0 180
171.555 0 180
169.321 0 180
169.321 0 180
163.65 0 180
163.65 0 180
161.318 0 180
161.318 0 180
155.579 0 180
155.579 0 180
153.178 0 180
153.178 0 180
147.401 0 180
147.401 0 180
144.963 0 180
144.963 0 180
140.623 0 180
140.623 0 180
139.178 0 180
139.178 0 180
133.393 0 180
109.818 0 180
103.699 0 180
103.699 0 180
97.4397 0 180
70.3667 0 180
62.8994 0 180
62.8994 0 180
55.0579 0 180
121.738 0 180
109.818 0 180
121.738 0 180
127.587 0 180
127.587 0 180
133.393 0 180
84.3797 0 180
70.3667 0 180
84.3797 0 180
91.0105 0 180
91.0105 0 180
97.4397 0 180
53.9601 0 180
55.0579 0 180
53.9601 0 180
53.905 0 180
79.5018 155.713 200
78.1458 155.713 200
79.5018 155.713 200
79.5701 155.713 200
79.5701 155.713 200
84.6996 155.713 200
84.6996 155.713 200
84.9865 155.713 200
84.9865 155.713 200
90.3346 155.713 200
90.3346 155.713 200
90.8194 155.713 200
90.8194 155.713 200
96.3652 155.713 200
96.3652 155.713 200
97.0255 155.713 200
97.0255 155.713 200
102.747 155.713 200
102.747 155.713 200
103.559 155.713 200
103.559 155.713 200
109.432 155.713 200
109.432 155.713 200
110.371 155.713 200
110.371 155.713 200
116.372 155.713 200
116.372 155.713 200
117.412 155.713 200
117.412 155.713 200
123.514 155.713 200
123.514 155.713 200
124.629 155.713 200
124.629 155.713 200
130.806 155.713 200
130.806 155.713 200
131.97 155.713 200
131.97 155.713 200
138.194 155.713 200
138.194 155.713 200
139.378 155.713 200
139.378 155.713 200
140.939 155.713 200
140.939 155.713 200
145.624 155.713 200
145.624 155.713 200
151.892 155.713 200
151.892 155.713 200
158.207 155.713 200
158.207 155.713 200
164.593 155.713 200
164.593 155.713 200
171.076 155.713 200
204.34 155.713 200
204.242 155.713 200
204.242 155.713 200
191.38 155.713 200
191.38 155.713 200
184.439 155.713 200
184.439 155.713 200
171.076 155.713 200
219.258 2.73174 200
216.558 0 200
219.258 2.73174 200
221.876 5.55879 200
60.6242 5.55879 200
63.3027 2.75516 200
63.3027 2.75516 200
65.9347 0 200
55.9299 11.2141 200
59.5137 6.89662 200
59.5137 6.89662 200
60.6242 5.55879 200
226.427 11.2141 200
223.039 7.00334 200
223.039 7.00334 200
221.876 5.55879 200
52.6235 16.2978 200
53.174 15.4494 200
53.174 15.4494 200
55.7964 11.4081 200
55.7964 11.4081 200
55.9061 11.2487 200
55.9061 11.2487 200
55.9299 11.2141 200
229.82 16.2978 200
228.487 14.3007 200
228.487 14.3007 200
226.427 11.2141 200
50.2915 20.898 200
50.9865 19.527 200
50.9865 19.527 200
52.6235 16.2978 200
232.219 20.898 200
231.757 20.0111 200
231.757 20.0111 200
229.82 16.2978 200
48.7975 25.0994 200
49.3806 23.4596 200
49.3806 23.4596 200
50.2915 20.898 200
233.756 25.0994 200
233.629 24.7523 200
233.629 24.7523 200
232.219 20.898 200
48.0448 28.9839 200
48.3804 27.2517 200
48.3804 27.2517 200
48.7975 25.0994 200
234.53 28.9839 200
234.505 28.8584 200
234.505 28.8584 200
233.756 25.0994 200
47.9722 32.605 200
48.006 30.9186 200
48.006 30.9186 200
48.0448 28.9839 200
234.605 32.605 200
234.603 32.5085 200
234.603 32.5085 200
234.53 28.9839 200
48.5626 36.0981 200
48.2981 34.5332 200
48.2981 34.5332 200
47.9722 32.605 200
233.998 36.0981 200
234.033 35.8937 200
234.033 35.8937 200
234.605 32.605 200
49.8508 39.5059 200
49.3525 38.1879 200
49.3525 38.1879 200
48.5626 36.0981 200
232.673 39.5059 200
232.839 39.0769 200
232.839 39.0769 200
233.998 36.0981 200
51.6361 42.5022 200
51.1311 41.6548 200
51.1311 41.6548 200
49.8508 39.5059 200
230.836 42.5022 200
231.237 41.8486 200
231.237 41.8486 200
232.673 39.5059 200
53.8881 45.2767 200
53.5814 44.8989 200
53.5814 44.8989 200
51.6361 42.5022 200
228.52 45.2767 200
229.291 44.3522 200
229.291 44.3522 200
230.836 42.5022 200
55.7964 47.1043 200
53.8881 45.2767 200
55.7964 47.1043 200
57.1206 48.2995 200
225.273 48.2995 200
226.841 46.8397 200
226.841 46.8397 200
228.52 45.2767 200
61.4454 51.4355 200
57.6549 48.6869 200
57.6549 48.6869 200
57.1206 48.2995 200
221.08 51.4355 200
223.899 49.3267 200
223.899 49.3267 200
225.273 48.2995 200
66.9838 54.7797 200
64.9866 53.5737 200
64.9866 53.5737 200
61.4454 51.4355 200
215.473 54.7797 200
216.562 54.1436 200
216.562 54.1436 200
219.258 52.5704 200
219.258 52.5704 200
220.562 51.7577 200
220.562 51.7577 200
221.08 51.4355 200
69.8251 56.2586 200
66.9838 54.7797 200
69.8251 56.2586 200
75.0186 58.777 200
207.529 58.777 200
211.866 56.5946 200
211.866 56.5946 200
215.473 54.7797 200
81.1912 61.5081 200
75.0186 58.777 200
81.1912 61.5081 200
87.1954 63.9498 200
87.1954 63.9498 200
90.7155 65.3814 200
90.7155 65.3814 200
94.4098 66.7404 200
188.138 66.7404 200
193.565 64.6365 200
193.565 64.6365 200
196.324 63.5673 200
196.324 63.5673 200
199.943 62.0293 200
199.943 62.0293 200
206.689 59.1626 200
206.689 59.1626 200
206.99 59.0245 200
206.99 59.0245 200
207.529 58.777 200
98.9245 68.5233 200
94.4098 66.7404 200
98.9245 68.5233 200
105.028 70.6617 200
105.028 70.6617 200
106.173 71.0628 200
106.173 71.0628 200
107.17 71.3649 200
175.249 71.3649 200
178.203 70.3989 200
178.203 70.3989 200
179.818 69.8705 200
179.818 69.8705 200
182.843 68.7422 200
182.843 68.7422 200
187.51 67.0016 200
187.51 67.0016 200
187.762 66.8969 200
187.762 66.8969 200
188.138 66.7404 200
112.712 73.2891 200
107.17 71.3649 200
112.712 73.2891 200
118.234 74.8938 200
164.127 74.8938 200
165.872 74.4376 200
165.872 74.4376 200
166.695 74.2224 200
166.695 74.2224 200
169.815 73.2266 200
169.815 73.2266 200
172.951 72.2255 200
172.951 72.2255 200
173.86 71.8851 200
173.86 71.8851 200
175.249 71.3649 200
118.725 75.0589 200
118.234 74.8938 200
118.725 75.0589 200
119.323 75.2193 200
119.323 75.2193 200
124.354 76.5699 200
124.354 76.5699 200
128.98 77.488 200
128.98 77.488 200
129.71 77.6329 200
129.71 77.6329 200
131.676 77.8826 200
150.938 77.8826 200
154.367 77.3242 200
154.367 77.3242 200
155.41 77.1543 200
155.41 77.1543 200
158.233 76.4947 200
158.233 76.4947 200
160.89 75.8738 200
160.89 75.8738 200
162.034 75.5272 200
162.034 75.5272 200
164.127 74.8938 200
134.888 78.366 200
131.676 77.8826 200
134.888 78.366 200
135.664 78.4162 200
135.664 78.4162 200
139.97 78.6947 200
139.97 78.6947 200
141.109 78.6701 200
141.109 78.6701 200
145.034 78.5855 200
145.034 78.5855 200
145.914 78.4906 200
145.914 78.4906 200
150.154 78.034 200
150.154 78.034 200
150.327 78.0007 200
150.327 78.0007 200
150.938 77.8826 200
129.691 141.742 200
129.705 141.738 200
129.705 141.738 200
129.71 141.737 200
129.71 141.737 200
133.891 140.915 200
133.891 140.915 200
134.888 140.719 200
134.888 140.719 200
138.39 140.424 200
138.39 140.424 200
139.97 140.29 200
139.97 140.29 200
143.406 140.387 200
143.406 140.387 200
145.034 140.433 200
145.034 140.433 200
149.292 141.032 200
149.292 141.032 200
150.154 141.153 200
150.154 141.153 200
152.494 141.742 200
117.891 145.316 200
118.396 145.103 200
118.396 145.103 200
118.725 144.964 200
118.725 144.964 200
122.116 143.823 200
122.116 143.823 200
124.354 143.07 200
124.354 143.07 200
125.862 142.695 200
125.862 142.695 200
129.691 141.742 200
155.41 142.338 200
152.494 141.742 200
155.41 142.338 200
157.131 142.842 200
157.131 142.842 200
160.889 143.943 200
160.889 143.943 200
164.508 145.316 200
110.367 148.059 200
111.598 147.553 200
111.598 147.553 200
112.712 147.096 200
112.712 147.096 200
115.007 146.307 200
115.007 146.307 200
117.891 145.316 200
166.695 145.992 200
164.508 145.316 200
166.695 145.992 200
172.17 148.059 200
103.055 150.629 200
104.625 150.031 200
104.625 150.031 200
106.173 149.441 200
106.173 149.441 200
108.16 148.786 200
108.16 148.786 200
110.367 148.059 200
172.951 148.296 200
172.17 148.059 200
172.951 148.296 200
179.513 150.629 200
96.3826 152.676 200
97.5394 152.294 200
97.5394 152.294 200
98.9244 151.837 200
98.9244 151.837 200
101.107 151.199 200
101.107 151.199 200
103.055 150.629 200
179.818 150.712 200
179.513 150.629 200
179.818 150.712 200
186.122 152.676 200
90.0519 154.204 200
90.3229 154.132 200
90.3229 154.132 200
90.7156 154.029 200
90.7156 154.029 200
94.0021 153.244 200
94.0021 153.244 200
96.3826 152.676 200
187.51 152.989 200
186.122 152.676 200
187.51 152.989 200
192.34 154.204 200
84.0961 155.216 200
86.7613 154.763 200
86.7613 154.763 200
90.0519 154.204 200
196.324 154.849 200
192.34 154.204 200
196.324 154.849 200
198.39 155.216 200
84.0961 155.216 200
83.0223 155.302 200
83.0223 155.302 200
81.1912 155.448 200
81.1912 155.448 200
79.2476 155.617 200
79.2476 155.617 200
78.1458 155.713 200
198.39 155.216 200
201.305 155.46 200
201.305 155.46 200
204.34 155.713 200
212.364 0 200
216.558 0 200
212.364 0 200
212.145 0 200
212.145 0 200
206.611 0 200
206.611 0 200
206.139 0 200
206.139 0 200
200.374 0 200
200.374 0 200
199.671 0 200
199.671 0 200
193.699 0 200
193.699 0 200
192.789 0 200
192.789 0 200
186.636 0 200
186.636 0 200
185.544 0 200
185.544 0 200
179.236 0 200
179.236 0 200
177.99 0 200
177.99 0 200
171.555 0 200
171.555 0 200
170.182 0 200
170.182 0 200
163.65 0 200
163.65 0 200
162.179 0 200
162.179 0 200
155.579 0 200
155.579 0 200
154.04 0 200
154.04 0 200
147.401 0 200
147.401 0 200
145.824 0 200
145.824 0 200
140.838 0 200
140.838 0 200
139.178 0 200
139.178 0 200
132.532 0 200
105.446 0 200
98.4169 0 200
98.4169 0 200
91.2256 0 200
119.141 0 200
105.446 0 200
119.141 0 200
125.861 0 200
125.861 0 200
132.532 0 200
65.9347 0 200
66.2552 0 200
66.2552 0 200
76.2211 0 200
76.2211 0 200
83.8392 0 200
83.8392 0 200
91.2256 0 200
110.293 155.713 220
106.194 155.713 220
110.293 155.713 220
110.371 155.713 220
110.371 155.713 220
117.233 155.713 220
117.233 155.713 220
117.412 155.713 220
117.412 155.713 220
124.375 155.713 220
124.375 155.713 220
124.629 155.713 220
124.629 155.713 220
131.667 155.713 220
131.667 155.713 220
131.97 155.713 220
131.97 155.713 220
139.055 155.713 220
139.055 155.713 220
139.378 155.713 220
139.378 155.713 220
141.154 155.713 220
141.154 155.713 220
146.485 155.713 220
146.485 155.713 220
153.618 155.713 220
153.618 155.713 220
160.804 155.713 220
160.804 155.713 220
168.071 155.713 220
168.071 155.713 220
175.447 155.713 220
176.291 155.713 220
175.447 155.713 220
176.291 155.713 220
176.375 155.713 220
202.545 5.55879 220
200.924 4.3175 220
200.924 4.3175 220
195.285 0 220
80.0347 5.55879 220
81.8475 4.08909 220
81.8475 4.08909 220
84.5247 1.91864 220
84.5247 1.91864 220
86.066 0.81013 220
86.066 0.81013 220
87.1924 0 220
73.9738 11.2141 220
77.8176 7.62747 220
77.8176 7.62747 220
80.0347 5.55879 220
203.26 6.18844 220
202.545 5.55879 220
203.26 6.18844 220
208.371 11.2141 220
69.8427 16.2978 220
70.7928 15.1163 220
70.7928 15.1163 220
73.522 11.7225 220
73.522 11.7225 220
73.8507 11.3527 220
73.8507 11.3527 220
73.9738 11.2141 220
212.66 16.2978 220
211.353 14.7485 220
211.353 14.7485 220
208.371 11.2141 220
66.9529 20.898 220
68.2227 18.8767 220
68.2227 18.8767 220
69.8427 16.2978 220
215.073 19.959 220
212.66 16.2978 220
215.073 19.959 220
215.637 20.898 220
65.1014 25.0994 220
66.2043 22.5968 220
66.2043 22.5968 220
66.9529 20.898 220
217.409 25.0994 220
215.727 21.1108 220
215.727 21.1108 220
215.637 20.898 220
64.1687 28.9839 220
64.8216 26.2646 220
64.8216 26.2646 220
65.1014 25.0994 220
218.302 28.9839 220
217.581 25.8494 220
217.581 25.8494 220
217.409 25.0994 220
64.0787 32.605 220
64.1462 29.8892 220
64.1462 29.8892 220
64.1687 28.9839 220
218.388 32.605 220
218.323 29.8892 220
218.323 29.8892 220
218.302 28.9839 220
64.8103 36.0981 220
64.2691 33.5141 220
64.2691 33.5141 220
64.0787 32.605 220
217.688 36.0981 220
218.218 33.4538 220
218.218 33.4538 220
218.388 32.605 220
66.4067 39.5059 220
65.3603 37.2721 220
65.3603 37.2721 220
64.8103 36.0981 220
216.16 39.5059 220
217.409 36.7195 220
217.409 36.7195 220
217.688 36.0981 220
68.6191 42.5022 220
67.5467 41.0499 220
67.5467 41.0499 220
66.4067 39.5059 220
213.944 42.5022 220
214.117 42.2787 220
214.117 42.2787 220
215.073 41.0446 220
215.073 41.0446 220
216.004 39.7267 220
216.004 39.7267 220
216.16 39.5059 220
71.4099 45.2767 220
70.7805 44.651 220
70.7805 44.651 220
68.6191 42.5022 220
211.016 45.2767 220
211.779 44.5534 220
211.779 44.5534 220
213.944 42.5022 220
73.522 46.9089 220
71.4099 45.2767 220
73.522 46.9089 220
75.5112 48.2995 220
206.912 48.2995 220
208.94 46.8057 220
208.94 46.8057 220
211.016 45.2767 220
81.095 51.4355 220
77.4737 49.4017 220
77.4737 49.4017 220
75.5112 48.2995 220
201.423 51.4355 220
202.056 51.0994 220
202.056 51.0994 220
203.26 50.4611 220
203.26 50.4611 220
205.714 49.0087 220
205.714 49.0087 220
206.912 48.2995 220
84.5247 53.0395 220
81.095 51.4355 220
84.5247 53.0395 220
88.719 54.7797 220
193.851 54.7797 220
197.718 53.0719 220
197.718 53.0719 220
201.423 51.4355 220
94.2404 56.7544 220
88.719 54.7797 220
94.2404 56.7544 220
100.775 58.777 220
181.704 58.777 220
182.934 58.4269 220
182.934 58.4269 220
183.745 58.1962 220
183.745 58.1962 220
188.039 56.7625 220
188.039 56.7625 220
192.95 55.123 220
192.95 55.123 220
193.369 54.9634 220
193.369 54.9634 220
193.851 54.7797 220
103.005 59.4066 220
100.775 58.777 220
103.005 59.4066 220
103.727 59.5773 220
103.727 59.5773 220
111.064 61.3118 220
111.064 61.3118 220
113.7 61.8089 220
113.7 61.8089 220
118.608 62.7346 220
118.608 62.7346 220
122.398 63.263 220
122.398 63.263 220
125.787 63.7356 220
125.787 63.7356 220
130.217 64.1309 220
130.217 64.1309 220
132.728 64.3549 220
132.728 64.3549 220
137.43 64.5353 220
137.43 64.5353 220
139.54 64.6162 220
139.54 64.6162 220
144.233 64.5561 220
144.233 64.5561 220
146.326 64.5293 220
146.326 64.5293 220
150.775 64.2453 220
150.775 64.2453 220
153.189 64.0911 220
153.189 64.0911 220
157.178 63.6347 220
157.178 63.6347 220
160.234 63.2849 220
160.234 63.2849 220
163.545 62.7414 220
163.545 62.7414 220
167.579 62.0792 220
167.579 62.0792 220
169.97 61.5705 220
169.97 61.5705 220
175.36 60.4242 220
175.36 60.4242 220
176.545 60.1165 220
176.545 60.1165 220
181.704 58.777 220
118.369 155.216 220
118.524 155.204 220
118.524 155.204 220
118.608 155.198 220
118.608 155.198 220
123.67 154.902 220
123.67 154.902 220
125.787 154.779 220
125.787 154.779 220
129.015 154.659 220
129.015 154.659 220
132.728 154.52 220
132.728 154.52 220
134.719 154.488 220
134.719 154.488 220
139.54 154.411 220
139.54 154.411 220
141.038 154.419 220
141.038 154.419 220
146.326 154.447 220
146.326 154.447 220
148.414 154.503 220
148.414 154.503 220
153.189 154.63 220
153.189 154.63 220
157.721 154.847 220
157.721 154.847 220
160.234 154.967 220
160.234 154.967 220
163.862 155.216 220
118.369 155.216 220
113.782 155.386 220
113.782 155.386 220
111.064 155.487 220
111.064 155.487 220
109.049 155.58 220
109.049 155.58 220
106.194 155.713 220
175.36 155.661 220
176.375 155.713 220
175.36 155.661 220
173.095 155.567 220
173.095 155.567 220
167.579 155.336 220
167.579 155.336 220
163.862 155.216 220
193.699 0 220
195.285 0 220
193.699 0 220
193.65 0 220
193.65 0 220
186.636 0 220
186.636 0 220
186.405 0 220
186.405 0 220
179.236 0 220
179.236 0 220
178.851 0 220
178.851 0 220
171.555 0 220
171.555 0 220
171.043 0 220
171.043 0 220
163.65 0 220
163.65 0 220
163.04 0 220
163.04 0 220
155.579 0 220
155.579 0 220
154.901 0 220
154.901 0 220
147.401 0 220
147.401 0 220
146.685 0 220
146.685 0 220
141.054 0 220
141.054 0 220
139.178 0 220
139.178 0 220
131.671 0 220
101.075 0 220
93.1347 0 220
93.1347 0 220
87.1924 0 220
116.544 0 220
101.075 0 220
116.544 0 220
124.136 0 220
124.136 0 220
131.671 0 220
137.304 4.33808 240
139.109 4.18549 240
139.109 4.18549 240
139.62 4.17831 240
139.62 4.17831 240
146.297 4.36964 240
146.297 4.36964 240
147.619 4.42551 240
147.619 4.42551 240
155.673 5.55879 240
127.256 5.55879 240
129.818 5.05493 240
129.818 5.05493 240
130.568 4.90761 240
130.568 4.90761 240
137.304 4.33808 240
110.247 11.2141 240
111.737 10.5011 240
111.737 10.5011 240
112.863 9.96245 240
112.863 9.96245 240
117.431 8.34696 240
117.431 8.34696 240
121.865 6.77877 240
121.865 6.77877 240
123.301 6.45375 240
123.301 6.45375 240
127.256 5.55879 240
156.225 5.6481 240
155.673 5.55879 240
156.225 5.6481 240
156.489 5.72488 240
156.489 5.72488 240
165.059 8.21216 240
165.059 8.21216 240
172.268 11.2141 240
101.831 16.2978 240
102.498 15.8152 240
102.498 15.8152 240
103.404 15.1609 240
103.404 15.1609 240
107.005 13.0836 240
107.005 13.0836 240
110.247 11.2141 240
174.268 12.2184 240
172.268 11.2141 240
174.268 12.2184 240
180.54 16.2978 240
96.8591 20.898 240
99.0627 18.859 240
99.0627 18.859 240
101.831 16.2978 240
184.025 19.199 240
180.54 16.2978 240
184.025 19.199 240
185.696 20.898 240
93.6739 25.0994 240
96.0286 21.9934 240
96.0286 21.9934 240
96.8591 20.898 240
188.596 25.0994 240
186.354 21.8508 240
186.354 21.8508 240
185.696 20.898 240
92.2694 28.9839 240
92.3862 28.6461 240
92.3862 28.6461 240
93.2973 26.011 240
93.2973 26.011 240
93.6241 25.2198 240
93.6241 25.2198 240
93.6739 25.0994 240
190.057 28.9839 240
189.349 27.1015 240
189.349 27.1015 240
188.596 25.0994 240
92.1399 32.605 240
92.154 32.2121 240
92.154 32.2121 240
92.2694 28.9839 240
190.198 32.605 240
190.141 31.1264 240
190.141 31.1264 240
190.057 28.9839 240
93.1933 36.0981 240
93.1818 36.0598 240
93.1818 36.0598 240
92.1399 32.605 240
189.053 36.0981 240
189.58 34.4907 240
189.58 34.4907 240
190.198 32.605 240
93.2974 36.2523 240
93.1933 36.0981 240
93.2974 36.2523 240
95.9194 39.5059 240
186.552 39.5059 240
188.062 37.4485 240
188.062 37.4485 240
189.053 36.0981 240
99.7258 42.5022 240
97.4692 40.7259 240
97.4692 40.7259 240
95.9194 39.5059 240
182.88 42.5022 240
183.216 42.2642 240
183.216 42.2642 240
184.025 41.6911 240
184.025 41.6911 240
185.904 40.0664 240
185.904 40.0664 240
186.552 39.5059 240
103.404 44.6276 240
99.7258 42.5022 240
103.404 44.6276 240
104.811 45.2767 240
177.544 45.2767 240
179.792 44.1077 240
179.792 44.1077 240
182.88 42.5022 240
112.863 48.1626 240
104.811 45.2767 240
112.863 48.1626 240
113.38 48.2995 240
168.823 48.2995 240
171.566 47.4438 240
171.566 47.4438 240
174.268 46.6007 240
174.268 46.6007 240
176.084 45.8667 240
176.084 45.8667 240
177.544 45.2767 240
121.865 50.1057 240
113.38 48.2995 240
121.865 50.1057 240
129.903 51.2006 240
129.903 51.2006 240
130.568 51.2911 240
130.568 51.2911 240
133.032 51.4355 240
149.565 51.4355 240
154.778 50.9273 240
154.778 50.9273 240
156.225 50.7863 240
156.225 50.7863 240
160.844 49.9793 240
160.844 49.9793 240
165.059 49.243 240
165.059 49.243 240
166.61 48.8542 240
166.61 48.8542 240
168.823 48.2995 240
139.109 51.7318 240
133.032 51.4355 240
139.109 51.7318 240
139.804 51.7205 240
139.804 51.7205 240
147.619 51.5934 240
147.619 51.5934 240
147.941 51.5673 240
147.941 51.5673 240
149.565 51.4355 240
